0.00015
-0.00415
-0.00533
-0.00265
-0.00146
-0.00067
-0.00182
0.0043
0.00641
-0.00168
-0.00201
0.0024
-0.00382
-0.00643
-0.00207
0.00014
0.00008339
-0.0015
-0.00052
-0.00137
-0.00536
-0.00401
-0.00017
-0.00201
-0.00174
0.00094
0.00287
0.00153
-0.0009
-0.00173
-0.00546
-0.00302
-0.00224
-0.00442
-0.00194
0.00513
0.00488
0.00297
0.00219
-0.00055
-0.00186
-0.00564
-0.00698
-0.0072
-0.00291
0.00542
0.00338
0.00355
0.00914
0.00851
0.0016
-0.00164
-0.00207
-0.00177
-0.00479
-0.00259
-0.00033
-0.00108
0.00284
-0.00137
-0.00604
-0.00059
-0.00047
-0.00332
-0.00101
0.00239
0.00423
0.00072
-0.00308
-0.00072
0.00017
-0.00506
-0.00136
0.00093
0.00114
-0.00129
-0.00189
0.00025
-0.00491
-0.00293
0.000004039
-0.00172
0.00071
0.00434
-0.00007052
-0.00015
0.00058
-0.00005045
-0.0031
-0.00369
0.00349
0.00163
0.00159
0.00676
0.00573
0.00139
0.0022
0.00191
-0.00099
-0.00242
0.00211
0.00062
0.0000422
0.00684
0.00417
-0.00174
0.0015
0.00139
-0.0048
-0.00505
-0.00211
0.00142
0.0009
0.00144
0.00385
0.00116
-0.00244
-0.0043
-0.00396
0.00021
0.00075
-0.00013
0.00738
0.00697
-0.00111
-0.0046
-0.00086
-0.00169
-0.00712
-0.00404
0.00756
0.00581
0.00248
0.00747
0.00162
-0.00084
0.00082
-0.00184
-0.00333
0.00104
0.00285
0.00482
0.00396
0.0034
0.0017
-0.00006432
0.00104
-0.00096
0.00131
0.00511
0.00368
0.00194
0.00241
0.00053
-0.00324
-0.0067
-0.00162
0.00105
-0.00265
0.00424
0.00891
0.00792
0.00378
0.00115
-0.00043
-0.00115
-0.00679
-0.0042
0.00256
0.00362
0.00157
0.00386
0.00659
0.00197
-0.00218
-0.00105
0.00234
-0.00126
0.00247
0.00402
0.00167
0.00147
-0.00135
-0.00087
-0.00066
0.00112
0.00299
0.00111
-0.00044
0.00067
-0.0014
-0.00359
-0.00479
-0.00099
0.00573
0.00119
0.00032
0.00095
0.0014
-0.00103
-0.00484
-0.00389
0.00306
0.00396
0.00136
0.00189
0.00266
-0.00012
-0.00792
-0.00602
0.00041
-0.0022
-0.00537
0.00381
0.00619
0.00244
-0.00419
-0.00075
0.00381
-0.0031
-0.00289
0.00391
0.00353
-0.00072
-0.00304
0.00021
-0.00001816
-0.00731
-0.00252
0.00537
0.00335
-0.00123
0.00059
0.00579
0.00291
-0.00719
-0.00292
0.00358
0.000006059
-0.00062
0.00167
0.00301
0.00199
0.00082
-0.00002334
0.00342
0.00199
-0.00068
0.00133
0.00058
-0.00073
-0.00627
-0.00307
0.00107
-0.00148
-0.00355
0.00256
0.00655
0.00307
-0.00155
0.00271
0.00562
0.00225
0.0003
-0.00174
0.00091
0.00272
-0.00222
-0.00214
0.00078
0.001
0.00118
-0.00008579
0.00074
0.0008
-0.00417
-0.00116
0.00216
0.00182
0.00086
0.00233
0.00292
-0.00917
-0.02331
-0.02685
-0.01862
-0.00575
0.00624
0.01419
0.03342
0.0338
0.01208
-0.00997
-0.02014
-0.02288
-0.02577
-0.01383
0.01811
0.03493
0.02411
0.01915
0.0121
-0.00954
-0.03541
-0.03608
-0.01665
0.00279
0.01519
0.02176
0.03221
0.02528
-0.0065
-0.02962
-0.02372
-0.01776
-0.01393
0.00666
0.01943
0.02412
0.04473
0.03033
0.0912
0.14189
0.17002
0.16929
0.18835
0.02759
-0.18161
-0.30998
-0.37997
-0.4077
-0.23955
-0.01419
-0.00822
-0.04578
0.30851
0.44518
-0.06118
-0.27649
0.39204
0.41563
-0.20226
-0.15604
0.34327
-0.22297
-1.09055
-0.692
-0.40684
-0.13277
0.78528
1.40728
1.23113
1.22706
0.6
-0.26946
-0.99898
-1.15254
-1.19851
-0.52965
0.13395
0.51185
0.32453
0.4922
0.22602
-0.75204
-0.64668
0.31221
0.29586
0.7214
1.62816
1.27126
0.1304
-0.72515
-1.88272
-2.77549
-2.34259
-0.8054
0.23034
0.78332
1.66736
1.83148
-0.15173
-1.75904
-1.81543
-1.23394
-0.59915
0.66495
1.98079
2.52823
1.91262
0.68262
-0.8848
-1.85796
-1.8643
-0.8251
0.51896
1.46933
2.38472
2.6824
1.84057
0.2238
-1.53822
-2.54406
-2.30761
-1.90154
-1.05518
1.00553
2.81736
2.77197
2.04087
1.33997
-0.36429
-2.08719
-2.93322
-2.78812
-1.47204
0.43204
1.30152
1.96962
2.16689
1.20125
-0.22875
-1.68191
-2.42093
-2.19491
-1.00234
-0.19462
0.55447
0.99867
1.41821
0.61856
-0.13856
-0.33923
-0.5967
-0.53222
-0.07535
0.38837
0.20178
0.55257
0.52183
-0.31915
-0.365
0.63645
0.75602
0.69226
1.23376
1.02688
0.31002
-0.71418
-1.38821
-1.38647
-1.16718
-1.15451
0.11996
1.62615
1.07776
-0.04807
0.00315
-0.44865
-2.20842
-1.95683
-0.19441
0.71323
0.95518
2.44723
2.71326
1.11246
-0.99297
-1.75871
-1.41707
-1.02464
-0.52409
0.87846
2.48073
2.24585
1.17988
0.53456
-0.51009
-2.02579
-2.36189
-1.33299
-0.37218
0.0085
0.04501
0.43683
0.31181
-0.67873
-1.6829
-1.013
-0.0062
0.0136
0.78357
2.06463
1.55186
0.08685
-0.73434
-1.41744
-1.53094
-1.03167
-0.54844
0.86088
2.59674
2.57788
1.58219
0.66166
-0.54336
-1.65694
-2.0847
-1.90903
-0.62872
0.51102
1.01666
1.09459
0.94522
-0.12993
-1.40017
-1.35821
-0.61683
0.04131
0.32227
1.30369
1.45528
0.05462
-1.1015
-0.61578
-0.42552
-0.43513
0.65944
2.05542
2.26757
1.20302
-0.29074
-1.10029
-1.66434
-2.15721
-1.95658
-0.13537
1.20464
1.05464
1.45453
1.82759
1.12073
0.01275
-0.43954
-0.33424
0.28349
0.38253
0.13616
-0.285
-0.5455
-0.67179
-0.9772
-1.14494
-0.96477
-0.17405
0.77769
0.57874
-0.23249
-0.49714
-0.5678
-1.4101
-1.41877
-0.09375
0.48609
0.51834
1.13868
1.68823
0.87366
-0.77522
-1.44789
-0.87993
-0.3945
0.02317
0.80956
1.31132
1.27958
0.47478
-0.9531
-1.43073
-1.48377
-1.36282
-0.45151
1.27941
2.35924
2.47311
1.79428
1.24298
-0.00261
-1.62221
-2.1201
-1.13455
-0.43094
0.21517
1.08477
1.60234
0.64418
-0.86579
-1.33084
-1.29508
-1.70293
-0.49561
1.81575
2.52072
1.61942
0.65803
-0.34897
-1.36203
-2.56165
-2.62128
-1.57709
0.09404
0.77686
0.39938
0.52356
0.31375
-1.03555
-0.87929
0.77306
1.37416
1.64539
2.25014
1.89178
0.12428
-1.87678
-2.54624
-2.58338
-1.73629
0.32485
2.32681
3.23805
2.97351
1.26082
-0.5598
-1.66627
-2.87486
-3.27912
-1.01791
1.93204
2.32622
1.30242
0.9879
