0.00015
-0.00259
-0.00252
-0.00529
-0.00947
-0.00857
-0.00732
-0.00494
-0.00509
-0.00066
-0.00047
0.00089
-0.00501
-0.00788
-0.00654
-0.00849
-0.00884
-0.00597
0.00106
-0.00141
-0.00114
0.00042
0.00013
-0.00481
-0.00719
-0.00804
-0.00459
-0.00529
-0.00417
0.00119
0.00236
0.00254
0.00065
-0.00519
-0.00754
-0.00526
-0.00473
-0.00589
0.00329
0.0067
0.00785
0.00035
0.00126
-0.00425
-0.01227
-0.0156
-0.00845
-0.00315
-0.00164
0.00202
0.00805
0.00415
-0.00382
-0.007
-0.00944
-0.01246
-0.01009
-0.00476
0.00358
0.00375
0.00326
-0.00205
-0.00347
-0.01289
-0.01338
-0.01478
-0.00267
0.0028
0.00348
0.00558
0.00507
-0.00011
-0.01076
-0.01074
-0.01137
-0.00738
-0.00125
0.00227
0.00236
-0.00079
0.0012
-0.00856
-0.00921
-0.01107
-0.00603
-0.00529
0.00186
0.00243
0.00049
0.0004
-0.00307
-0.00491
-0.00917
-0.00495
-0.00242
0.00189
0.00383
0.00133
0.00092
-0.00355
-0.00868
-0.01496
-0.01017
-0.00414
-0.00297
-0.00092
0.00604
0.00514
-0.00348
-0.00464
-0.00641
-0.00738
-0.00943
-0.00384
0.00026
0.00175
-0.00055
0.00023
-0.00473
-0.00493
-0.00403
-0.00868
-0.00782
-0.00204
0.00014
-0.00367
0.00133
0.00241
-0.00249
-0.00543
-0.00221
-0.00561
-0.00905
-0.00119
0.00331
0.00184
0.00062
0.0047
0.00035
-0.00799
-0.01065
-0.00697
-0.0065
-0.00298
0.00073
0.00187
-0.00057
-0.00186
-0.00816
-0.01049
-0.0106
-0.00547
-0.00152
0.00124
0.00236
-0.00207
-0.00409
-0.00649
-0.01059
-0.01122
-0.00749
0.00207
0.00164
0.00211
0.00182
0.00102
-0.00831
-0.01077
-0.00865
-0.00734
-0.0038
-0.00005167
0.00747
0.00929
0.0047
-0.00404
-0.00624
-0.00667
-0.00768
-0.00755
-0.00293
0.00199
0.00145
0.00146
-0.00305
-0.00821
-0.01003
-0.00679
-0.00477
-0.00367
-0.00346
0.00174
0.00246
-0.00284
-0.006
-0.00273
-0.00146
-0.00465
-0.00532
-0.00085
-0.00344
-0.00648
-0.00441
-0.00524
-0.00562
-0.00572
-0.0045
-0.00505
-0.00365
-0.00158
-0.00237
-0.00229
0.00102
0.00113
-0.0053
-0.0043
-0.00312
-0.00463
-0.00337
-0.00015
0.00077
-0.00218
0.00012
-0.00023
-0.00706
-0.00994
-0.00443
-0.00608
-0.00566
0.00056
-0.00078
-0.00362
-0.00329
-0.00413
-0.00783
-0.00988
-0.00368
-0.0039
-0.00167
0.00339
0.00385
0.00167
0.0000125
-0.00472
-0.0093
-0.00545
-0.00811
-0.00673
-0.00564
0.00422
0.00236
-0.00012
0.00111
-0.00116
-0.00937
-0.01152
-0.00637
-0.00543
-0.00259
0.00258
0.0057
0.00183
-0.00351
-0.00596
-0.01414
-0.00711
-0.0062
-0.00553
-0.00046
0.00729
0.004
-0.00318
-0.00446
-0.00751
-0.01008
-0.00855
-0.00362
-0.00577
0.00008483
0.01752
0.01676
-0.00162
-0.01395
-0.01387
-0.01801
-0.03127
-0.02452
-0.00021
0.02858
0.02801
0.00981
-0.01088
-0.01069
-0.02947
-0.04803
-0.03576
0.00082
0.02355
0.02347
0.02512
0.01308
-0.01025
-0.03112
-0.03396
-0.02959
-0.01344
0.00925
0.02297
0.02518
0.01201
-0.01076
-0.04713
-0.03513
-0.00735
-0.00883
0.0008
0.04373
0.0498
-0.04199
-0.09714
-0.07606
-0.02711
0.01769
0.03649
0.08966
0.11972
0.08958
-0.12757
-0.2018
-0.12099
-0.06273
-0.03595
0.09972
0.22888
0.18648
0.03543
-0.06816
-0.16675
-0.19651
-0.14942
-0.01154
0.09491
0.16752
0.13132
0.05545
-0.04099
-0.14959
-0.18598
-0.10698
0.0186
0.07804
0.11944
0.06211
0.05415
-0.04859
-0.12075
-0.1409
-0.02414
0.02405
0.05994
0.10414
0.0791
-0.00079
-0.07816
-0.075
-0.0741
-0.02453
-0.00401
0.25066
0.50851
0.57438
0.57466
0.69017
0.6966
0.52324
-0.08919
-0.78437
-1.18634
-1.40741
-1.92835
-1.20234
-0.04411
-0.02416
-0.62876
0.95063
2.2852
0.31814
-1.17137
1.36422
2.7899
-0.5723
-1.25747
0.76174
-0.50374
-5.39786
-3.00937
-2.26634
-0.8105
3.7367
7.73454
4.91104
4.94103
3.88606
-1.16825
-5.11186
-4.96493
-4.4198
-2.71128
1.80451
3.00244
1.19088
0.74403
2.18075
-4.25413
-4.51675
1.24711
3.29568
2.67758
6.74132
7.16075
0.47802
-3.43941
-8.32006
-12.75036
-11.16979
-4.27619
0.66625
3.04344
6.92606
7.96258
1.05401
-6.28377
-8.48708
-6.67704
-2.59854
3.52644
7.29954
9.39041
9.22821
5.17722
-3.30093
-8.30606
-7.30633
-2.43638
2.30222
5.34897
8.99046
10.77064
7.82021
0.7559
-5.08969
-8.26899
-8.24731
-6.38547
-3.48671
1.5936
8.34003
9.70708
7.39783
4.90708
1.20919
-4.61697
-8.11066
-9.81569
-7.99782
-1.42696
2.61928
4.84867
6.34431
6.38349
3.21705
-2.21951
-7.53093
-9.83146
-5.21528
-3.48857
-1.58133
0.62779
5.93514
4.95169
2.21304
1.05693
-0.92215
-1.38118
-1.87458
0.08796
-1.7232
1.37288
2.7456
0.97096
-0.69684
3.0603
4.91457
2.46398
3.97042
3.26449
1.88343
-2.22273
-4.60111
-5.78524
-4.63706
-4.51528
-1.67871
4.73679
4.44231
0.81166
-0.36282
-0.53358
-7.24047
-7.95297
-3.19105
1.87208
2.92702
8.8962
10.65957
6.48995
-1.63908
-6.62118
-6.17587
-3.89693
-1.88091
0.78656
8.65822
10.29748
6.31019
1.51478
-0.80349
-5.05301
-8.28822
-6.80489
-2.90577
-0.09953
-1.41861
-1.47608
0.46667
-1.27762
-5.55688
-4.42431
1.95291
1.22746
2.28922
5.60505
5.37962
0.13081
-2.73981
-4.55715
-5.475
-2.19269
-0.76293
2.29157
7.94178
10.11137
6.27756
1.6032
-0.58162
-4.06712
-5.79295
-7.79308
-3.21417
-0.18451
1.80332
1.65591
2.92395
0.29749
-3.64624
-2.99263
-1.71158
0.4434
0.48251
3.16297
3.95607
0.73552
-3.52524
-2.84184
0.29886
0.6692
2.80405
5.47846
8.31998
5.45764
-0.62356
-4.79233
-5.79111
-5.51648
-6.99717
-2.15529
2.4315
2.83044
3.3093
5.24675
5.37249
1.93659
1.57117
0.69808
2.20846
1.16874
0.11027
-2.62047
-4.2639
-4.26803
-3.08097
-2.4509
-3.06751
-1.30799
3.04262
2.29961
-2.43204
-4.56054
-2.3145
-3.83046
-4.34796
-0.36932
2.70127
2.8816
2.91936
3.93018
2.51877
-1.69536
-4.4138
-2.66655
0.76169
2.03871
2.87379
2.82919
3.16359
1.45917
-3.57722
-5.08111
-4.07838
-2.07971
-1.17707
4.00664
6.82646
8.05956
5.85496
4.26666
1.83078
-2.95824
-5.33628
-3.80063
-1.75724
