-0.00071
-0.00068
-0.00573
-0.00478
-0.0024
-0.00528
-0.00049
0.00399
0.00278
0.00157
0.00042
0.00028
-0.00301
-0.00438
-0.00119
-0.00046
0.00031
0.00278
-0.00103
-0.00445
-0.00376
-0.00325
0.00037
-0.00235
-0.00111
0.00146
0.00126
0.00007823
0.0007
-0.00377
-0.00336
-0.00041
-0.00309
-0.00344
-0.00375
0.00485
0.00321
0.00103
0.00153
-0.0005
-0.00276
-0.00354
-0.00554
-0.00779
0.00128
0.00422
0.00537
0.00403
0.0065
0.01028
0.0005
-0.00176
-0.00386
-0.0043
-0.00452
-0.00266
-0.003
0.00064
0.00234
-0.00076
-0.0033
-0.00472
-0.00056
-0.00483
-0.0033
0.00305
0.00144
0.00108
-0.00146
-0.001
-0.0003
-0.00194
0.00065
0.00157
0.00115
0.00041
0.00199
-0.00362
-0.00409
-0.00192
-0.0022
0.00043
-0.00211
0.00365
0.00098
0.00126
0.00479
0.001
-0.00157
0.00183
0.00298
0.00042
0.00456
0.00603
0.00742
0.00112
0.00316
0.00256
-0.00337
-0.00069
0.0007
-0.00115
0.00185
0.00602
0.00348
-0.00015
0.00063
0.00088
-0.00553
-0.0067
0.00016
-0.00012
0.00042
0.00348
0.00127
0.00105
-0.00189
-0.00323
-0.00156
-0.00075
0.00209
0.00338
0.00618
0.00573
-0.00003646
-0.00516
-0.00007858
-0.00398
-0.00517
-0.00067
0.00461
0.00602
0.0058
0.00377
0.00085
-0.00024
0.00118
0.00023
-0.0052
0.00362
0.00416
0.00498
0.00483
0.00359
0.00139
-0.00024
0.00007809
-0.00004368
0.00183
0.00303
0.00669
-0.00026
0.00124
0.00099
-0.00359
-0.0033
-0.00179
-0.00044
0.00279
0.00478
0.00847
0.0074
0.00174
0.00136
-0.00451
-0.00451
-0.00812
-0.00638
-0.00283
0.00069
0.00078
0.00365
0.00224
0.0004
0.00125
-0.00092
0.00277
0.00082
0.00412
0.00408
0.00408
0.00105
-0.00045
-0.00281
-0.00231
0.00207
-0.00144
0.00223
-0.00227
-0.00116
-0.00129
-0.00389
-0.00271
-0.00087
0.00327
0.00369
0.00356
0.00109
0.00458
-0.00172
-0.0028
-0.00389
0.00148
0.00442
0.00123
0.00183
0.00115
-0.00305
-0.00806
-0.0058
-0.00426
-0.00147
-0.00262
0.0038
0.00513
0.001
-0.00139
0.00128
-0.00048
-0.00097
-0.00054
0.00228
0.0035
-0.00147
-0.00044
-0.00255
-0.00494
-0.00498
-0.00324
0.00178
0.00296
0.00001275
0.00211
0.0032
0.00022
-0.00548
-0.00462
0.00054
0.00219
-0.00033
0.00239
0.00233
0.00238
0.00289
-0.00121
0.00292
0.00242
0.00315
0.00141
0.00025
-0.00292
-0.0047
-0.00205
-0.00277
-0.00216
-0.00521
0.00461
0.00587
0.00157
0.00036
0.00139
0.00417
0.00174
-0.00021
-0.00263
0.00029
0.00218
0.00189
-0.00188
0.00022
0.00288
0.00013
0.00148
-0.00057
-0.00118
-0.00224
0.00077
0.00199
0.00222
0.00068
0.00566
0.0003
-0.0093
-0.01981
-0.02494
-0.0153
-0.00429
0.00548
0.01608
0.03028
0.0278
0.01262
-0.01191
-0.01715
-0.02372
-0.02247
-0.00758
0.01406
0.02919
0.02673
0.0217
0.00731
-0.01151
-0.03251
-0.02939
-0.01805
0.0017
0.01508
0.02193
0.02938
0.01963
-0.00355
-0.02492
-0.02322
-0.01757
-0.00749
0.00655
0.01141
0.02577
0.0427
0.04127
0.09973
0.12886
0.16804
0.17118
0.16965
0.0002
-0.16943
-0.28741
-0.38748
-0.39263
-0.19324
-0.05829
-0.07
0.03943
0.34383
0.28185
-0.04573
-0.07324
0.33805
0.21371
-0.09137
-0.02446
0.14973
-0.40624
-0.76916
-0.6989
-0.69656
-0.02639
0.82429
1.25781
1.05973
1.13596
0.64625
-0.28979
-1.05431
-1.08688
-1.17461
-0.57497
0.05941
0.41462
0.19653
0.4863
0.14983
-0.59161
-0.43257
0.16735
0.507
0.82103
1.4791
1.08147
0.22232
-0.65882
-1.78257
-2.52268
-1.98574
-0.66856
0.02422
0.753
1.6109
1.34475
-0.30874
-1.54862
-1.76018
-1.31728
-0.57465
0.82601
1.69268
2.14657
1.92185
0.74115
-1.03312
-1.81146
-1.43298
-0.61824
0.32518
1.40387
2.33236
2.40107
1.69816
0.18649
-1.54595
-2.41893
-2.17185
-1.6264
-0.92893
0.91002
2.5988
2.73332
2.00765
1.07875
-0.41861
-1.87968
-2.74431
-2.69546
-1.46979
0.23552
1.28586
1.90885
1.8753
1.22503
-0.15719
-1.54257
-2.33121
-2.04347
-0.95729
-0.27082
0.43551
0.7881
1.29054
0.51155
0.04222
-0.57047
-0.47218
-0.355
0.00673
0.23721
0.0947
0.76841
0.32533
-0.19548
-0.30158
0.53842
0.68328
0.82141
1.12686
0.90448
0.29896
-0.55756
-1.0878
-1.51294
-1.20507
-0.81769
0.33646
1.06091
0.8851
0.22296
-0.02319
-0.80828
-1.88914
-1.37063
-0.34066
0.49268
1.26967
2.5484
2.19123
0.93574
-0.68032
-1.44742
-1.60381
-0.99522
-0.33932
0.79255
2.13841
2.20388
1.41696
0.23375
-0.69639
-1.78166
-2.07692
-1.46144
-0.63836
-0.05422
0.08232
0.3926
0.13088
-0.69178
-1.5039
-0.81255
-0.25592
0.15863
0.96506
1.70702
1.37388
0.20584
-0.62362
-1.51252
-1.49881
-1.06014
-0.35042
0.88335
2.1667
2.46512
1.61954
0.63349
-0.56235
-1.44292
-1.96343
-1.75534
-0.64265
0.37574
1.0375
1.06956
0.77606
-0.31371
-1.05756
-1.16464
-0.7746
-0.15352
0.35682
1.37234
0.96483
-0.00776
-0.79328
-0.55192
-0.54486
-0.19816
0.95383
1.79152
2.03855
1.16206
-0.13834
-1.29658
-1.67799
-1.91331
-1.75093
-0.17557
0.87839
1.38568
1.49035
1.64167
1.15305
0.19012
-0.18742
-0.25622
0.24521
0.32156
0.13792
-0.41226
-0.59194
-0.61998
-0.94053
-1.11073
-0.97635
0.01138
0.59345
0.38298
-0.32647
-0.58638
-0.66258
-1.32473
-1.10384
-0.40668
0.28724
0.74351
1.30208
1.42401
0.45204
-0.47978
-1.0502
-0.99925
-0.58962
0.09189
0.7329
1.06912
1.21971
0.33825
-0.93451
-1.49044
-1.46595
-1.1908
-0.34932
1.20749
2.12836
2.36763
1.98125
1.34466
-0.23122
-1.40976
-1.67852
-1.08459
-0.57739
0.15115
1.11361
1.29131
0.39142
-0.75459
-1.27549
-1.63792
-1.49187
-0.09899
1.47367
1.98592
1.56702
0.7884
-0.44359
-1.47054
-2.19103
-2.36413
-1.69506
0.10972
0.6905
0.40651
0.35436
0.14972
-0.53461
-0.4949
0.57982
1.19726
1.74928
2.16877
1.70769
-0.09795
-1.65217
-2.27165
-2.5
-1.47235
0.33695
2.14621
2.95316
2.82095
1.27493
-0.54842
-1.67664
-2.76075
-2.94687
-0.93542
1.51713
1.93381
1.3422
0.96254
