-0.00022
0.00028
-0.00137
-0.00489
-0.00512
-0.01152
-0.01335
-0.00779
-0.00131
0.00601
0.0044
0.00525
-0.00015
-0.00628
-0.01638
-0.01981
-0.01035
-0.00883
-0.00508
0.00527
0.00574
-0.00167
-0.00231
-0.00452
-0.00447
-0.00723
-0.01141
-0.00926
-0.00477
-0.00224
0.00417
0.00789
0.00403
0.00276
-0.00946
-0.02096
-0.01409
0.00003078
0.00741
0.00999
0.01895
0.01326
-0.0033
-0.01334
-0.01301
-0.01856
-0.02205
-0.01149
0.00629
0.01361
0.01422
0.01475
0.00467
-0.01297
-0.0201
-0.01984
-0.01762
-0.00691
0.00552
0.01352
0.01488
0.00628
-0.00555
-0.02221
-0.02423
-0.0209
-0.01333
0.0002
0.02313
0.02527
0.00939
-0.00319
-0.01426
-0.02149
-0.02472
-0.01069
-0.00215
0.00928
0.01549
0.00687
-0.00611
-0.01496
-0.0129
-0.01788
-0.0089
-0.00213
0.00343
0.00862
0.01189
0.0039
-0.00881
-0.01076
-0.01416
-0.01205
-0.0068
0.00455
0.01095
0.01214
0.00633
-0.0078
-0.0148
-0.02136
-0.02329
-0.01879
0.00061
0.01432
0.01141
0.00843
0.00499
-0.00833
-0.01713
-0.01375
-0.00905
-0.00403
-0.00071
0.00666
0.00704
0.00238
-0.002
-0.00957
-0.01515
-0.00488
-0.00072
-0.00711
-0.00178
0.00601
0.00252
-0.00204
0.00689
-0.00183
-0.01177
-0.00946
-0.00586
-0.00843
-0.00541
0.01308
0.01408
0.00344
0.00006133
-0.00423
-0.01759
-0.02248
-0.01421
-0.00367
0.00473
0.0129
0.01109
-0.00286
-0.01205
-0.01375
-0.01981
-0.01436
-0.00147
0.01139
0.01559
0.00943
-0.0004
-0.01656
-0.01952
-0.01347
-0.00746
-0.00253
0.0072
0.01869
0.00801
0.00042
-0.00452
-0.01369
-0.02027
-0.01566
-0.00232
0.0048
0.0101
0.01175
0.01243
0.00528
-0.01134
-0.02675
-0.02476
-0.01023
0.00185
0.01016
0.00876
0.00141
-0.00536
-0.00994
-0.01564
-0.01704
-0.00911
0.00382
0.0087
0.00541
-0.00008368
-0.00087
-0.00296
-0.01049
-0.01004
-0.00028
0.00086
-0.00168
-0.00179
-0.00553
-0.00989
-0.00797
-0.00504
-0.00449
-0.00269
-0.0028
-0.00508
-0.00728
0.00115
0.00436
-0.00206
-0.00018
0.00315
-0.00292
-0.01133
-0.00786
-0.00338
-0.00328
0.00482
0.00974
-0.00157
-0.00933
-0.00274
-0.00674
-0.01394
-0.00779
-0.00009975
-0.00204
0.0035
0.0112
-0.00274
-0.01301
-0.0103
-0.01243
-0.01115
-0.00295
0.00599
0.00303
0.00506
0.0083
0.00149
-0.00253
-0.00857
-0.01687
-0.01656
-0.00565
-0.00278
-0.00126
0.00423
0.01099
0.00247
-0.00351
-0.00479
-0.01558
-0.02207
-0.01349
0.00126
0.00645
0.01495
0.01486
0.00011
-0.01213
-0.01965
-0.02404
-0.01811
0.00818
0.01214
0.00702
0.00759
0.00507
-0.00577
-0.01669
-0.01181
-0.01391
-0.00808
0.00606
0.00686
-0.00027
0.01354
0.03954
0.02107
-0.0289
-0.05856
-0.05317
-0.03725
-0.01459
0.02324
0.06226
0.0828
0.03759
-0.04677
-0.09798
-0.07986
-0.04948
-0.01515
0.03812
0.07849
0.07112
0.02491
-0.01881
-0.06585
-0.08249
-0.05951
-0.01972
0.02058
0.05266
0.06456
0.03776
-0.00157
-0.04506
-0.10217
-0.1165
-0.01593
0.0752
0.07525
0.07304
0.06675
-0.03587
-0.23331
-0.25698
-0.10047
0.1311
0.31229
0.25851
0.13468
0.00319
-0.22548
-0.53009
-0.40708
-0.00169
0.29539
0.46062
0.45946
0.25473
-0.14563
-0.44069
-0.49746
-0.38637
-0.04086
0.29735
0.44755
0.37729
0.14566
-0.16
-0.35729
-0.37107
-0.26138
-0.04487
0.22868
0.37977
0.31239
0.05381
-0.22391
-0.25924
-0.27542
-0.17393
0.05593
0.26786
0.25102
0.15228
0.04156
-0.15383
-0.26358
-0.21558
-0.05033
0.09853
0.13924
0.20999
0.66704
0.96448
0.90121
0.71445
0.54263
0.42649
-0.01626
-1.29888
-2.43731
-2.50881
-2.42235
-1.63204
1.3712
2.70526
0.83513
-0.89442
1.40442
2.47789
-1.25568
-1.6646
3.49453
3.10457
-1.69687
-1.54258
-1.15309
-6.10731
-8.2377
-1.82265
-0.88333
7.0947
18.72376
14.68822
2.32486
-3.40111
-9.21526
-13.65745
-8.69146
-0.05708
2.64619
5.99229
9.33294
2.92943
-6.13053
-4.94849
-2.97611
-9.96099
-0.68649
11.46924
11.26993
11.08688
9.75876
-1.49455
-14.686
-18.77277
-21.93492
-17.29495
0.77143
18.31274
21.03021
12.43686
4.88309
-6.96786
-20.71177
-21.80797
-11.99943
3.37462
19.77078
26.67205
17.12428
3.02554
-6.34193
-13.87184
-19.70445
-14.24209
0.97343
16.3403
22.48676
16.86922
9.47108
0.35485
-8.01725
-13.34811
-16.3045
-13.46283
-4.20938
4.9665
9.11513
14.66122
18.17897
10.45279
-0.37921
-8.16294
-14.05589
-15.42616
-12.52197
-8.53657
2.23403
13.82565
15.22753
11.38084
3.09235
-4.4163
-8.94208
-14.10746
-16.41518
-10.27483
4.31519
10.14785
8.84533
5.71477
3.9185
-1.60745
-3.82351
-2.92048
-4.44051
-1.72351
1.18689
2.10874
-0.664
4.09802
3.98586
-2.99194
-1.85171
5.41296
8.00205
6.32179
5.95783
-1.18697
-7.50812
-11.13205
-11.05301
-5.57963
0.11684
3.40568
9.13892
11.90872
2.58355
-7.21334
-10.1158
-12.41005
-13.92122
-2.37486
10.03589
14.9017
16.48719
16.84262
5.62927
-9.98888
-21.59602
-22.24446
-6.50383
12.29142
20.18085
17.19232
12.36787
1.82996
-7.93664
-11.34535
-9.40274
-7.28771
-6.04718
-1.19504
4.78096
6.61698
-1.14007
-5.00751
-3.56826
-7.21534
-8.52761
0.9818
11.08443
9.46572
9.3797
6.57449
-3.85911
-11.67841
-12.12587
-9.72683
-1.02883
10.07559
9.89395
10.3555
12.8276
8.80732
-1.33886
-11.0639
-13.28308
-10.81309
-6.04975
-0.62239
8.48579
8.87339
5.00254
1.12938
-3.62616
-8.85373
-9.62693
-1.48478
5.16102
9.1874
7.06003
4.41776
-2.44162
-11.42021
-11.89468
-3.18246
8.3508
14.03899
14.13996
8.26444
2.84889
-5.83666
-15.28729
-16.11642
-8.50462
-0.26969
3.3373
10.31874
9.08166
2.34658
1.41951
2.84598
3.95046
1.9649
0.44872
-1.31676
1.29245
2.55709
-0.62954
-7.56961
-11.61747
-6.93242
-0.03225
4.49957
2.90182
2.59381
4.29351
-1.97104
-9.59455
-10.53633
-5.79658
-2.28412
4.33292
10.11553
6.9944
2.63709
-0.18987
-1.01362
-2.41087
-6.62259
-7.53594
-1.97333
7.6894
13.08259
9.37775
-0.53984
-6.00773
-9.90793
-12.78433
-5.70146
2.13996
6.41765
8.4059
11.13118
10.71576
7.26052
0.87026
-2.13154
-6.53363
-11.55788
-7.59704
