0.00013
-0.00239
-0.00287
-0.0048
-0.00976
-0.00871
-0.00724
-0.00531
-0.00447
-0.0016
0.0007
0.00029
-0.00475
-0.00833
-0.0066
-0.0076
-0.01027
-0.00577
0.00202
-0.00107
-0.00223
0.00083
0.00054
-0.00431
-0.00849
-0.00801
-0.00372
-0.00562
-0.00519
0.00186
0.00332
0.00148
0.00075
-0.00475
-0.00727
-0.00576
-0.00527
-0.0054
0.00242
0.00796
0.00736
0.00023
0.00086
-0.00264
-0.01271
-0.01724
-0.00854
-0.00119
-0.00222
0.00043
0.00916
0.00579
-0.0052
-0.00823
-0.00812
-0.01178
-0.01178
-0.00525
0.00515
0.00444
0.00149
-0.00082
-0.00349
-0.01252
-0.01507
-0.01357
-0.00327
0.00281
0.00335
0.00621
0.00559
-0.00109
-0.01002
-0.01165
-0.01043
-0.00834
-0.00102
0.00236
0.0025
0.00035
-0.00009692
-0.00782
-0.01074
-0.00922
-0.00693
-0.00544
0.00126
0.00353
0.00093
-0.00083
-0.00263
-0.00522
-0.00834
-0.00605
-0.00189
0.00187
0.00365
0.00184
0.00085
-0.00296
-0.00993
-0.01449
-0.01029
-0.00379
-0.0034
-0.00123
0.00682
0.00565
-0.00403
-0.00534
-0.00548
-0.00742
-0.00988
-0.00483
0.0019
0.00183
-0.00145
0.000005833
-0.0034
-0.00543
-0.00458
-0.00856
-0.00774
-0.00181
-0.00024
-0.00347
0.00057
0.00382
-0.00295
-0.00579
-0.00279
-0.00456
-0.00854
-0.00338
0.00414
0.00265
0.00057
0.00386
0.00115
-0.00775
-0.01146
-0.00712
-0.00534
-0.00391
0.000007088
0.00339
0.0003
-0.00353
-0.00824
-0.00982
-0.00997
-0.00723
-0.00111
0.00256
0.00166
-0.00195
-0.0043
-0.00612
-0.01126
-0.01125
-0.00697
0.00117
0.00241
0.00145
0.00315
0.00052
-0.00862
-0.01111
-0.00873
-0.00669
-0.00471
-0.00016
0.00746
0.01035
0.00458
-0.0044
-0.00631
-0.00613
-0.00816
-0.00839
-0.00196
0.00248
0.00111
0.00065
-0.00211
-0.0074
-0.01074
-0.00796
-0.00419
-0.0031
-0.00329
0.00099
0.00249
-0.00259
-0.0061
-0.00231
-0.00127
-0.00595
-0.0051
0.00046
-0.00322
-0.00784
-0.00491
-0.00374
-0.00542
-0.00686
-0.00486
-0.00378
-0.00418
-0.00194
-0.00212
-0.00226
0.00098
0.00099
-0.00459
-0.00505
-0.00303
-0.00421
-0.00428
-0.00028
0.00189
-0.00188
-0.00127
0.00002403
-0.006
-0.00972
-0.00587
-0.00596
-0.00537
0.00037
0.00007877
-0.00409
-0.00364
-0.00413
-0.00759
-0.00921
-0.00518
-0.00337
-0.00144
0.00337
0.00373
0.00181
0.00056
-0.00554
-0.00919
-0.00542
-0.0076
-0.00814
-0.00492
0.00425
0.00317
-0.0011
0.00145
-0.00028
-0.00997
-0.01223
-0.00632
-0.00429
-0.00387
0.00255
0.00657
0.00233
-0.00383
-0.00692
-0.01282
-0.00836
-0.00556
-0.00633
0.00041
0.00716
0.00398
-0.00271
-0.0053
-0.00635
-0.01092
-0.00894
-0.0038
-0.00481
-0.000006986
0.01583
0.0182
-0.00068
-0.01425
-0.01433
-0.01785
-0.03215
-0.02583
0.00181
0.02849
0.02733
0.0088
-0.0065
-0.01073
-0.03242
-0.05171
-0.0332
0.00416
0.02119
0.02055
0.02638
0.01981
-0.0119
-0.03641
-0.03532
-0.02507
-0.01237
0.00488
0.02287
0.02813
0.01453
-0.01256
-0.04832
-0.03788
-0.00473
-0.00819
-0.00254
0.04533
0.05412
-0.03777
-0.10838
-0.07311
-0.02376
0.01072
0.03638
0.09057
0.13592
0.08147
-0.12891
-0.21068
-0.1071
-0.0693
-0.05568
0.10561
0.25021
0.19707
0.01113
-0.07418
-0.13978
-0.20334
-0.17294
-0.02178
0.12448
0.17548
0.11746
0.05174
-0.02856
-0.14904
-0.19952
-0.1112
0.0216
0.08263
0.12165
0.07067
0.04142
-0.03661
-0.13121
-0.13952
-0.03175
0.03373
0.05745
0.10104
0.08904
0.00119
-0.08192
-0.08885
-0.06432
-0.02321
-0.00874
0.22962
0.53255
0.57234
0.56852
0.69732
0.7129
0.5191
-0.0781
-0.78335
-1.17327
-1.42071
-1.9728
-1.27909
0.08599
-0.03136
-0.66482
0.82273
2.47511
0.45301
-1.4838
1.31669
3.20537
-0.68242
-1.75145
1.19091
-0.08322
-5.81232
-3.92128
-1.05195
-1.04561
3.11099
7.7
5.80817
4.94466
3.44408
-1.19739
-4.83294
-5.25522
-4.47615
-2.64177
1.53296
3.12712
1.69606
0.81393
1.49287
-3.78497
-4.94234
1.73747
2.98565
2.39995
7.06091
7.49972
0.81085
-4.06386
-8.21856
-12.63994
-11.27036
-4.89032
0.74311
3.71431
6.72669
8.0407
1.31697
-6.54476
-8.60482
-6.74685
-2.77835
3.02956
7.8349
10.18571
9.07152
4.39687
-2.88412
-7.80392
-7.73659
-3.30612
2.46534
6.0137
8.91136
11.11544
7.56863
0.4696
-4.79426
-7.81913
-8.71122
-7.32538
-3.19659
2.38746
8.30665
9.22418
7.31282
5.68512
1.37536
-5.10637
-8.43864
-9.68757
-8.06345
-1.45704
2.61605
4.65113
7.00168
6.45342
3.00533
-2.32646
-7.45082
-9.50663
-6.03042
-3.44258
-1.66487
1.40131
5.67567
4.86489
1.82133
1.48826
-0.19871
-2.16646
-2.26794
-0.07017
-0.40314
0.71755
2.49565
0.85564
-0.3742
3.22896
4.67497
2.43714
3.58872
4.10523
1.83024
-2.33855
-5.22068
-5.34208
-4.18528
-5.22948
-2.2196
5.52165
5.22989
-0.21072
-0.55335
0.34622
-6.87927
-9.52243
-2.94813
2.63723
2.92506
7.8205
11.61905
7.17451
-2.11349
-7.30805
-5.84472
-3.61305
-2.90857
1.09145
9.40385
10.52441
5.24857
2.05076
-0.05022
-5.48065
-9.20458
-6.80109
-2.09909
-0.21113
-1.54821
-1.86712
0.86789
-0.84763
-6.00293
-4.7702
1.96266
1.94737
1.51178
5.75672
5.99991
0.29597
-3.51819
-4.71154
-4.86455
-2.34517
-1.13911
1.86465
8.80454
10.27935
5.95859
1.74581
-0.60815
-3.82735
-6.29309
-7.82858
-3.49508
0.67615
1.2327
1.48017
3.23513
0.94387
-3.91858
-4.12025
-1.10682
0.78504
0.55609
2.30814
4.63101
1.14851
-4.04844
-3.0019
0.46955
0.78373
2.1531
6.09337
8.65152
5.41284
-1.19479
-4.51644
-5.26569
-6.22665
-7.29739
-2.2307
3.48097
2.45755
2.71734
5.68029
5.63906
2.11603
0.82089
1.05458
2.19793
1.34643
-0.26048
-2.33033
-4.15003
-4.61584
-3.13318
-2.48693
-2.68594
-1.47109
2.85009
2.47971
-2.61305
-4.14901
-2.28053
-4.12508
-5.19023
0.15007
3.82436
2.28783
2.04479
4.17485
3.74158
-1.83502
-5.63988
-2.52895
1.36898
1.89469
2.44715
3.40318
3.27488
1.14809
-3.69241
-5.02556
-3.57355
-2.76936
-1.33236
3.91588
7.55905
8.24577
5.63178
3.54148
2.48304
-2.29045
-6.03061
-4.37075
-1.66232
