0.00022
-0.00358
-0.00421
-0.00456
-0.00494
0.00243
0.00381
0.00466
0.00695
0.00121
-0.00328
-0.00346
-0.00526
-0.00439
-0.00481
-0.00153
0.00029
-0.00348
0.00077
0.00174
-0.00527
-0.00735
-0.00588
-0.00177
0.00276
0.00174
0.00441
0.00216
-0.00214
-0.00027
-0.00519
-0.00853
-0.00638
-0.00206
0.00026
0.00309
0.00588
0.01082
0.00556
-0.00004755
-0.00335
-0.01172
-0.00958
-0.00712
-0.00651
-0.00062
0.00565
0.01106
0.01048
0.00561
0.00365
0.00185
-0.00383
-0.00255
-0.00489
-0.00235
0.00258
0.00106
0.00098
-0.001
-0.00207
-0.00273
-0.00476
-0.00059
0.00444
0.00325
0.00545
0.00342
-0.00221
-0.00258
-0.0056
-0.00682
-0.00304
-0.00196
0.00398
-0.00075
-0.00353
-0.00042
-0.00457
-0.00475
-0.00266
0.00061
0.00313
0.00379
0.00107
0.00049
-0.00647
-0.00466
-0.00282
-0.00753
-0.00116
0.00238
0.00355
0.00432
0.00594
0.00542
0.00099
-0.00288
0.00052
-0.0015
-0.00079
0.00431
0.00272
0.00244
0.00495
0.00456
0.00114
-0.00233
-0.00234
-0.0032
-0.00717
-0.00118
0.00383
0.00372
0.0069
0.00398
-0.00361
-0.00784
-0.00993
-0.00491
-0.00003266
0.00335
0.00962
0.00651
0.00298
-0.002
-0.00784
-0.00729
-0.00451
-0.00361
0.00369
0.00608
0.00684
0.01006
0.00541
-0.00004665
-0.00732
-0.00589
-0.00027
-0.00063
0.0003
0.00664
0.00379
0.0047
0.00306
-0.00106
-0.00113
-0.00303
0.00173
0.00407
0.00446
0.00803
0.00549
-0.00262
-0.00465
-0.00873
-0.00732
-0.00164
-0.00125
0.00452
0.00703
0.00962
0.01025
0.0059
0.002
-0.00076
-0.00703
-0.00185
0.00256
0.00786
0.01059
0.0079
0.00738
0.00205
-0.00397
-0.00335
-0.0011
-0.00247
0.00259
0.00183
0.00378
0.00182
-0.00208
-0.00013
-0.00299
-0.00025
0.00575
0.00692
0.00436
0.0016
-0.00511
-0.00584
-0.00587
-0.00297
0.00445
0.00296
0.00476
0.00054
-0.00473
-0.00645
-0.00432
-0.00198
0.00133
0.00172
0.00552
0.00685
0.00293
0.00157
-0.00528
-0.00773
-0.00512
-0.00233
0.00031
0.00417
0.00408
0.00611
-0.00136
-0.00402
-0.00196
-0.00357
-0.00096
0.00291
0.00483
0.0032
-0.00167
-0.00201
-0.00068
-0.00471
-0.00134
0.00326
0.00484
0.00569
0.00322
0.00177
0.00095
-0.00171
0.00065
-0.0014
-0.00248
0.0017
0.00322
0.00418
0.00093
-0.00209
0.00019
0.00195
-0.00014
0.00197
0.00074
-0.00004244
0.00005836
-0.00572
-0.00417
-0.0027
0.0021
0.00344
0.00125
0.00117
0.00523
0.00294
0.00232
0.00264
0.00181
0.00454
0.00312
0.00128
-0.00322
-0.00487
0.00029
0.00072
-0.00076
0.00095
0.00073
0.00153
0.00184
-0.00309
-0.00412
-0.00387
0.0012
0.00412
0.00298
0.00378
-0.0026
-0.01828
-0.03376
-0.04036
-0.02946
0.00305
0.03186
0.05185
0.04785
0.02739
-0.00477
-0.03635
-0.05054
-0.04141
-0.01724
0.01918
0.04845
0.05095
0.03723
0.00866
-0.01931
-0.04526
-0.05164
-0.03576
-0.00605
0.02475
0.04786
0.05205
0.02973
-0.00098
-0.03425
-0.05146
-0.04778
-0.0217
0.01709
0.04513
0.04663
0.03175
0.01628
0.0503
0.0941
0.20122
0.23306
0.25209
0.14448
-0.0652
-0.37292
-0.56317
-0.58538
-0.43833
-0.05573
0.29806
0.2769
0.14946
0.17329
0.18517
-0.03895
-0.04603
0.13593
0.27968
0.12329
0.12538
-0.07342
-0.71077
-1.02793
-0.89643
-0.47817
0.25086
1.84904
2.70042
2.14534
0.68931
-0.48917
-1.63236
-2.00709
-1.53171
-0.42391
0.28207
1.09343
1.15789
0.61137
-0.19212
-0.64821
-0.99984
-0.90037
0.0171
1.20262
1.99381
2.16555
1.19183
-0.7217
-2.56735
-3.78213
-4.06504
-2.41552
0.44976
2.74449
3.2492
2.59509
0.66717
-1.86921
-3.59666
-3.23008
-1.43032
1.22768
3.67237
4.43902
2.80078
0.6504
-1.21121
-2.85175
-3.61185
-2.18771
0.50213
2.68128
3.85094
3.73195
2.44378
0.35738
-1.60914
-3.28149
-4.10946
-3.29399
-1.02403
1.33858
3.15086
4.24979
3.91353
1.96045
-0.72932
-3.05086
-4.33093
-3.86046
-2.27728
0.06726
2.40578
3.86217
3.43179
1.60232
-0.69284
-2.47929
-3.27576
-3.30591
-1.96575
-0.02114
1.93636
2.36621
1.87152
0.5241
-0.37737
-0.9983
-1.04739
-0.76201
-0.17681
0.73055
0.80217
0.57232
0.15947
0.15276
-0.39383
-0.45921
0.27871
1.25276
1.92372
1.79941
0.89371
-0.93935
-2.13691
-2.44765
-2.00826
-1.18486
0.31948
1.7458
2.20072
1.41568
0.00792
-1.3359
-2.7
-3.02961
-1.81621
0.63844
2.14256
3.30689
3.59708
2.43759
-0.4779
-2.79171
-3.71983
-3.03774
-0.555
2.42041
3.95878
3.33976
1.90601
0.1998
-1.34907
-2.52012
-2.66602
-1.97923
-0.86959
0.46359
1.2864
1.38322
0.3611
-0.79383
-1.91289
-2.23711
-1.35788
0.30843
1.75366
2.65869
2.54878
1.08173
-0.90049
-2.44846
-2.87601
-2.23519
-0.3665
1.6899
2.96408
3.42253
2.90503
1.34045
-0.86243
-2.8045
-3.53554
-2.80118
-0.97279
0.88179
2.31075
2.33927
1.50865
-0.16795
-1.96811
-2.69334
-1.90671
-0.06316
1.40283
2.4443
2.28797
1.05828
-1.27788
-2.49949
-2.13076
-0.66362
1.1674
2.85303
3.39294
2.19833
0.37502
-1.5561
-3.29056
-3.53396
-2.25086
-0.18308
1.41951
2.38026
2.39835
1.61197
0.64201
-0.2707
-0.61989
-0.77413
-0.36133
0.18797
0.98735
0.95802
-0.06486
-1.48658
-2.1301
-1.5961
-0.77605
0.06287
0.73834
1.22234
1.03412
-0.08955
-1.32692
-2.15344
-1.92135
-0.80499
0.67438
1.54771
1.73956
1.80069
1.1621
-0.26919
-1.68228
-2.09622
-1.71425
-0.40143
1.65756
2.95447
2.49836
0.81428
-0.99306
-2.41974
-3.0086
-1.96168
-0.35607
1.47014
2.91772
3.57999
2.82239
1.44767
-0.25339
-1.9905
-3.36467
-2.83641
-1.02577
1.05901
2.34128
2.7681
1.7461
-0.50043
-2.39424
-2.92784
-2.44793
-0.85025
1.66018
3.93123
4.03226
2.20928
-0.47824
-3.13126
-4.65127
-3.57097
-1.48354
0.38013
1.53756
2.11169
1.23224
-0.5045
-1.76826
-1.95076
-0.72205
1.355
3.14354
3.63036
2.92108
0.91125
-2.067
-4.30307
-4.70779
-3.08803
-0.28816
3.23786
5.50809
5.24388
2.76085
-0.76294
-3.96455
-5.13148
-3.94283
-1.5528
1.51401
4.24553
4.7439
2.52153
