0.00018
-0.00448
-0.00539
-0.00197
-0.0019
-0.00049
-0.00129
0.00372
0.00631
-0.00136
-0.00179
0.00196
-0.00468
-0.00471
-0.00213
-0.00117
0.0004
-0.00103
-0.00029
-0.00233
-0.00541
-0.00265
-0.00056
-0.00342
-0.00019
0.0003
0.0027
0.00177
-0.0007
-0.00193
-0.00605
-0.00187
-0.0025
-0.00483
-0.0025
0.00689
0.00344
0.00355
0.00207
-0.00104
-0.00114
-0.00612
-0.00573
-0.00857
-0.00273
0.00603
0.00354
0.00283
0.00855
0.00925
0.00121
-0.00039
-0.00379
-0.00125
-0.00438
-0.00173
-0.00104
-0.00229
0.00386
-0.00109
-0.00609
-0.00165
0.00003971
-0.00288
-0.00036
0.00138
0.00355
0.0019
-0.00318
-0.00046
-0.00126
-0.00444
0.0008
-0.00161
0.00136
-0.00126
-0.00075
-0.00051
-0.00606
-0.00131
-0.00033
-0.00155
0.00004438
0.00533
-0.00131
0.00115
0.0003
-0.00099
-0.00271
-0.00358
0.00434
-0.00012
0.0025
0.00707
0.00541
0.00032
0.00364
0.00158
-0.00167
-0.00176
0.00207
0.00067
-0.00021
0.00718
0.00386
-0.00224
0.00214
0.00157
-0.00561
-0.00446
-0.00164
0.00088
0.00079
0.0018
0.00377
0.00062
-0.00254
-0.00269
-0.00481
-0.00074
0.00186
-0.000006
0.00731
0.00537
-0.00006777
-0.00393
-0.00135
-0.00258
-0.00563
-0.00416
0.00685
0.00536
0.00352
0.00756
-0.00019
0.0004
0.00132
-0.00194
-0.00429
0.00194
0.00216
0.00588
0.00281
0.00377
0.00127
-0.00032
0.00313
-0.00238
0.00089
0.0051
0.00487
0.00128
0.00216
-0.00008129
-0.00224
-0.00638
-0.00219
0.00118
-0.00304
0.00493
0.00856
0.0073
0.00378
0.00187
-0.00149
-0.00017
-0.00758
-0.00242
0.00126
0.00331
0.00284
0.00358
0.00595
0.00175
-0.0013
-0.0011
0.00233
-0.00259
0.00472
0.0022
0.002
0.00166
-0.00166
-0.00016
-0.00164
0.00242
0.00214
0.00143
-0.00099
0.00179
-0.00237
-0.00338
-0.00392
-0.0019
0.00627
0.00044
0.00162
-0.00068
0.00159
-0.00088
-0.00367
-0.0052
0.00303
0.00439
0.00178
0.00186
0.00089
0.00097
-0.00732
-0.00522
-0.001
-0.00253
-0.00438
0.00502
0.00376
0.00262
-0.00348
0.00009617
0.00248
-0.0033
-0.00118
0.00297
0.00252
-0.00018
-0.00167
-0.00115
-0.00055
-0.00626
-0.00149
0.00425
0.00253
-0.00013
0.00064
0.00472
0.00343
-0.00674
-0.0026
0.00216
0.00085
0.00073
0.00033
0.00185
0.00301
0.00205
-0.00089
0.00317
0.00088
0.00143
0.00062
-0.000009299
-0.00054
-0.00711
-0.0009
-0.00015
-0.00148
-0.00399
0.00383
0.00559
0.00314
-0.00118
0.00254
0.00548
0.00188
0.00188
-0.00302
0.00057
0.00308
-0.00138
-0.00244
-0.00059
0.00147
0.00206
0.00008739
-0.00048
0.00088
-0.00392
0.00022
0.00097
0.00139
0.00096
0.00324
0.00223
-0.00983
-0.02313
-0.02634
-0.01751
-0.00647
0.00721
0.01313
0.03331
0.03222
0.01375
-0.01065
-0.02009
-0.02371
-0.02311
-0.01223
0.01549
0.03312
0.02442
0.02226
0.00865
-0.01054
-0.03385
-0.03249
-0.01883
0.00198
0.01637
0.02169
0.03105
0.02262
-0.00336
-0.02927
-0.02449
-0.01853
-0.01144
0.00763
0.0157
0.02486
0.04569
0.0288
0.10111
0.12701
0.18108
0.16161
0.19262
0.00952
-0.17071
-0.308
-0.38166
-0.3947
-0.2306
-0.02729
-0.01849
-0.03391
0.32667
0.39983
-0.05605
-0.24089
0.39756
0.33637
-0.12859
-0.12811
0.26341
-0.29354
-0.94305
-0.64127
-0.59374
-0.03708
0.87287
1.40191
1.04249
1.26198
0.66527
-0.25864
-1.07812
-1.06579
-1.22914
-0.45311
0.11165
0.52184
0.18374
0.5797
0.25503
-0.76292
-0.63896
0.25839
0.38002
0.7458
1.56135
1.1726
0.16385
-0.67459
-1.9056
-2.77704
-2.28229
-0.70215
0.11035
0.77662
1.67328
1.74869
-0.20143
-1.61863
-1.81832
-1.26424
-0.53358
0.82483
1.76611
2.36869
2.02302
0.83109
-1.05374
-1.93702
-1.6716
-0.67122
0.40458
1.34634
2.41684
2.63376
1.88867
0.2124
-1.62442
-2.54277
-2.14274
-1.77969
-1.1592
0.90062
2.82626
2.83869
2.01751
1.18712
-0.42029
-1.92624
-2.83673
-2.77251
-1.54686
0.44706
1.37637
1.95573
1.95047
1.22515
-0.13694
-1.66037
-2.44443
-2.22399
-0.83712
-0.2332
0.52574
0.82245
1.54781
0.59196
-0.00796
-0.53135
-0.58722
-0.38588
-0.01923
0.32069
-0.03288
0.78634
0.47362
-0.254
-0.46857
0.65322
0.78964
0.75795
1.21598
0.844
0.34624
-0.63402
-1.27616
-1.57727
-1.14602
-0.99857
0.20942
1.36301
1.03376
0.13644
-0.01207
-0.62402
-2.16042
-1.6537
-0.37625
0.62869
1.02956
2.60055
2.39084
1.08373
-0.86558
-1.64212
-1.56026
-0.9531
-0.34197
0.75137
2.31521
2.28744
1.37243
0.30406
-0.60434
-1.86865
-2.17319
-1.40981
-0.51248
0.07824
0.04726
0.47417
0.20373
-0.66471
-1.67506
-0.89981
-0.06746
0.04642
0.82162
1.95315
1.47352
0.11622
-0.60106
-1.51916
-1.51827
-0.98697
-0.42654
0.83574
2.42482
2.61709
1.60649
0.6109
-0.59819
-1.57903
-2.00508
-1.8845
-0.65735
0.40534
1.15352
1.04141
0.85343
-0.23508
-1.23977
-1.21783
-0.72482
-0.00421
0.32542
1.46807
1.20471
0.08778
-1.03325
-0.55846
-0.50613
-0.345
0.75078
1.8541
2.22718
1.25697
-0.21466
-1.23518
-1.68285
-1.93083
-1.93569
-0.20744
1.02965
1.23936
1.47324
1.6649
1.10234
0.05718
-0.29454
-0.44854
0.28525
0.37019
0.21315
-0.38367
-0.56965
-0.61515
-0.93614
-1.09643
-1.0975
-0.12845
0.81644
0.61069
-0.31432
-0.63191
-0.4721
-1.28371
-1.28984
-0.34681
0.397
0.7431
1.24212
1.51009
0.61531
-0.57653
-1.26344
-0.95829
-0.49758
0.12708
0.855
1.16354
1.28873
0.50096
-0.93609
-1.46201
-1.51926
-1.18491
-0.42726
1.24613
2.19742
2.46103
1.87059
1.30912
-0.22161
-1.59769
-1.9749
-1.01098
-0.55391
0.18344
1.11857
1.53552
0.5955
-0.78855
-1.27899
-1.41766
-1.62883
-0.24883
1.66702
2.32328
1.66002
0.75882
-0.45973
-1.38168
-2.41878
-2.51361
-1.7855
0.17805
0.83045
0.39606
0.35664
0.22052
-0.81203
-0.74746
0.6729
1.19644
1.72722
2.34194
1.8455
-0.06865
-1.84856
-2.3589
-2.59498
-1.62334
0.27403
2.27073
3.1557
2.97595
1.24011
-0.59683
-1.65445
-2.81049
-3.14222
-0.98852
1.84445
2.24195
1.31941
0.94059
