0.00003313
0.00186
-0.00377
-0.01103
-0.00934
-0.00183
0.00778
0.00593
0.00321
0.00726
0.00047
-0.00995
-0.00575
-0.00142
-0.0026
-0.0039
-0.00058
0.00462
0.00151
-0.00196
-0.00298
-0.0082
-0.00978
-0.00167
0.00513
0.00586
0.00124
0.00047
0.0011
-0.00213
-0.00296
-0.0085
-0.00814
-0.00226
0.00053
-0.00038
0.00632
0.0107
0.00932
0.00121
-0.00892
-0.01013
-0.01012
-0.00684
-0.00572
-0.00321
0.01023
0.01606
0.0097
0.00511
0.00519
0.0009
-0.00537
-0.01042
-0.00513
-0.00193
0.00054
0.00361
0.00009179
0.00249
0.00088
-0.00922
-0.00949
-0.00134
0.00348
0.00476
0.00298
0.00453
0.00325
-0.0062
-0.00921
-0.00306
-0.0016
0.0013
0.00216
0.00528
0.00097
-0.00648
-0.00438
-0.00583
-0.00432
0.00148
0.00331
0.00222
0.00553
0.00149
-0.00234
-0.0049
-0.00213
0.00029
-0.00484
0.00167
0.00689
0.00642
0.00745
0.00775
0.00147
-0.00335
-0.00377
-0.00091
-0.00141
0.00206
0.0052
0.00116
0.00478
0.00863
0.00091
-0.00469
-0.00362
-0.00529
-0.00666
-0.0056
0.00342
0.01008
0.00731
0.00359
-0.00178
-0.00844
-0.01134
-0.00982
0.00196
0.01272
0.00845
0.00711
0.00674
-0.00118
-0.01324
-0.01335
-0.00181
0.0026
-0.00251
0.00609
0.01462
0.00921
0.00638
-0.0023
-0.00875
-0.00691
-0.00131
0.00137
0.00414
0.00473
0.0082
0.00625
0.00264
-0.00169
-0.00546
-0.00096
-0.0002
0.00236
0.00886
0.0102
0.00415
-0.00212
-0.00633
-0.00688
-0.01025
-0.00553
0.00763
0.00655
0.00564
0.00886
0.01245
0.00801
-0.00257
-0.01086
-0.00743
-0.00811
-0.00512
0.00516
0.01456
0.01151
0.00055
-0.00109
-0.00038
-0.00346
-0.00501
0.00276
0.00303
0.00519
0.00565
0.00321
-0.00003476
-0.00611
-0.00534
-0.0025
0.0037
0.00987
0.00784
-0.00259
-0.00755
-0.00787
-0.00448
-0.00318
-0.00153
0.01141
0.01178
0.00312
-0.0074
-0.00836
-0.00252
-0.00026
-0.00342
0.00161
0.00916
0.0088
0.00269
-0.00366
-0.00343
-0.01085
-0.01489
-0.00313
0.00887
0.00441
0.00252
0.00467
0.00711
-0.00451
-0.0124
-0.00166
0.00428
0.00217
0.00317
0.00614
0.00276
-0.00762
-0.01002
-0.00049
-0.00198
-0.00428
0.00505
0.01297
0.00667
-0.00587
-0.00474
0.00539
-0.00145
-0.00892
-0.00249
0.00486
0.00681
0.00323
0.00094
-0.00011
-0.00069
-0.00203
0.00318
0.00627
0.00316
-0.00128
-0.00371
-0.00126
-0.00765
-0.00808
0.00025
0.0073
0.00203
-0.00172
0.00337
0.00909
0.00179
-0.00406
0.0012
0.00614
0.00659
-0.00261
-0.00687
-0.00047
0.00185
0.00051
-0.00005813
0.00052
0.00265
0.00132
-0.00076
0.00065
-0.00477
-0.00606
-0.00012
0.0077
0.00884
0.00346
0.002
-0.00886
-0.03526
-0.05629
-0.04352
0.00021
0.04921
0.06064
0.05523
0.03724
-0.00091
-0.04921
-0.07286
-0.05207
-0.01267
0.01759
0.05065
0.07832
0.05491
0.0036
-0.03546
-0.0476
-0.05726
-0.05368
-0.01787
0.03687
0.07131
0.05964
0.03154
0.0051
-0.03124
-0.07456
-0.07116
-0.02125
0.02772
0.05782
0.05626
0.02545
0.02385
0.00519
0.07405
0.19235
0.30846
0.27818
0.22777
0.00752
-0.37984
-0.71867
-0.75779
-0.53093
-0.09923
0.43875
0.59977
0.091
-0.1486
0.32096
0.37429
-0.4207
-0.28424
0.64423
0.63649
-0.26455
-0.28786
-0.10888
-1.17627
-1.7591
-1.11216
0.29738
2.01768
3.39332
2.78404
1.07245
-0.95507
-2.25741
-2.6236
-1.76513
-0.71796
0.56214
1.40899
1.61788
0.57988
-0.29651
-0.52231
-1.24115
-1.6311
-0.09469
1.64426
2.37369
2.72609
2.02079
-0.35716
-2.89708
-4.54779
-4.89827
-3.37921
0.45055
4.01816
4.6063
2.76371
0.87131
-1.8895
-4.84602
-5.31955
-2.15569
2.03559
4.77121
5.1325
3.71383
0.97326
-1.84873
-3.89706
-4.34376
-2.97263
0.13144
3.59805
5.0169
4.28858
2.58572
0.62856
-1.69903
-4.07447
-5.32512
-3.91065
-0.99805
1.38957
3.44571
5.42431
5.25729
2.32183
-1.11683
-3.76309
-5.06232
-4.8269
-3.15839
-0.2918
3.39268
5.16587
4.27159
1.89628
-0.79497
-2.89409
-4.11652
-4.06676
-2.73618
0.24439
2.63737
3.28953
1.86803
0.62924
-0.64737
-1.55142
-1.48088
-0.73526
0.09634
0.6665
1.24629
0.62454
0.22022
0.19071
-0.35385
-1.28756
-0.25107
1.71727
2.52746
2.36543
1.10931
-0.55172
-2.46432
-3.51988
-2.80654
-0.58687
0.62231
1.29832
2.8092
2.9338
0.12743
-2.56766
-2.84731
-3.16785
-2.84564
-0.13122
3.59272
4.41016
3.85992
2.83769
0.66986
-3.36004
-6.10836
-4.60079
-0.14824
3.43048
4.53745
4.48526
2.72327
-0.35141
-2.48853
-2.65421
-2.66914
-2.78299
-1.60155
0.72389
2.4381
1.85808
0.34285
-0.9347
-1.9013
-3.14656
-2.55363
0.5021
2.80035
3.05606
2.9248
1.97078
-0.77592
-3.40488
-4.38719
-2.95121
-0.01411
2.06847
2.97962
4.0114
4.06915
1.90792
-1.17643
-3.59207
-4.41966
-3.38711
-1.46494
1.17561
3.25785
3.5561
1.69768
-0.422
-2.14007
-3.49627
-3.14093
-0.64999
2.48651
3.31089
2.67213
1.38417
-0.9172
-3.84963
-3.74944
-0.67846
2.14716
3.38535
3.72802
3.30686
1.11618
-2.43145
-4.69366
-4.26404
-2.23613
-0.58349
1.60126
3.72266
3.36232
1.39932
0.18471
-0.02321
-0.47912
-0.98284
-1.12293
0.20428
1.63839
1.77763
0.04637
-2.07654
-2.82177
-2.03005
-0.59886
0.20702
0.66386
1.55736
1.76143
0.05121
-2.17931
-2.5812
-2.17741
-1.52449
0.41299
2.54603
2.74661
1.51244
0.88447
0.47605
-1.26507
-3.47956
-3.22027
-0.48624
2.35797
3.77441
3.19997
1.26972
-1.14324
-3.53616
-4.09439
-2.52341
-0.13967
1.60704
3.20892
4.24054
4.02316
1.83817
-0.57128
-2.33034
-3.66391
-4.10891
-1.82213
1.57851
3.57113
3.34841
2.10366
-0.09892
-3.20727
-4.74897
-3.075
-0.72614
1.39463
4.16416
5.9444
3.8763
-0.91669
-4.93287
-5.52315
-4.03506
-1.75247
0.399
2.59438
3.34187
1.44329
-1.04132
-1.9465
-2.37037
-1.91432
1.10927
4.25469
4.95709
3.56024
1.19526
-1.94344
-5.32065
-6.31264
-4.28989
-0.39037
3.8203
6.88496
7.05656
4.11063
-1.15972
-5.82319
-6.66976
-4.52132
-2.11384
0.95006
5.4295
7.41523
3.83759
