-0.00025
-0.00027
-0.00376
-0.00813
-0.00842
0.00117
0.00886
0.00465
0.00477
0.00612
-0.00249
-0.00935
-0.00521
-0.00185
-0.00646
-0.00238
0.00096
-0.00215
0.00137
0.00244
-0.00415
-0.0101
-0.00947
-0.0011
0.00595
0.00258
0.00475
0.00149
-0.00221
-0.00033
-0.00285
-0.01145
-0.01021
0.00123
0.00053
0.00016
0.00578
0.01555
0.00731
0.00037
-0.00502
-0.01474
-0.01079
-0.00665
-0.00592
-0.00671
0.00908
0.01786
0.00946
0.0043
0.00457
0.00406
-0.00644
-0.00526
-0.00513
-0.00291
0.00306
0.00468
-0.00135
-0.00052
0.00332
-0.00743
-0.00863
0.00006398
0.00647
0.0044
0.00447
0.00558
-0.00046
-0.00421
-0.00964
-0.00573
-0.00339
-0.00269
0.00666
0.00073
-0.00235
-0.00333
-0.00321
-0.00624
-0.00643
0.00444
0.00283
0.00241
0.00356
0.00207
-0.00871
-0.0066
-0.00079
-0.00647
-0.00549
0.0031
0.00729
0.0014
0.00788
0.00904
-0.000004394
-0.00618
0.00059
0.00016
-0.00482
0.00604
0.0065
-0.00219
0.00521
0.0112
-0.00047
-0.006
-0.0003
-0.00322
-0.01007
-0.0041
0.00613
0.0066
0.00715
0.00669
-0.0041
-0.01042
-0.01201
-0.00882
-0.00003539
0.00855
0.01082
0.00583
0.00653
-0.00081
-0.01247
-0.01305
-0.00136
-0.00073
-0.0012
0.00675
0.01229
0.00907
0.00856
0.00055
-0.01396
-0.00691
0.00149
-0.00053
-0.00069
0.00846
0.00473
0.00565
0.0042
-0.00196
-0.00451
-0.00341
0.00312
0.00147
0.00659
0.01131
0.00727
-0.00467
-0.00624
-0.00762
-0.0117
-0.00462
0.00451
0.00488
0.00516
0.01082
0.01356
0.00897
0.00049
-0.00367
-0.00862
-0.00261
-0.00152
0.00866
0.01608
0.01053
0.00492
0.00104
-0.00321
-0.00501
-0.00301
-0.00128
0.00338
0.00092
0.00756
0.00148
-0.00207
-0.00102
-0.00598
-0.00131
0.00469
0.01233
0.00642
0.00032
-0.00746
-0.00773
-0.00549
-0.00418
0.00173
0.00655
0.01043
0.00104
-0.00681
-0.01132
-0.00258
0.00003685
-0.0013
-0.00005329
0.00858
0.01078
0.00227
0.00005547
-0.0038
-0.00934
-0.01254
-0.00154
0.00626
0.0037
0.00258
0.00828
0.00246
-0.00548
-0.00901
-0.00203
0.0016
0.00124
0.00646
0.00511
0.00056
-0.00517
-0.00468
-0.00191
-0.00179
-0.00054
0.00606
0.01124
0.00615
-0.00294
-0.0029
0.00343
0.00201
-0.00725
-0.00319
0.00326
0.00578
0.00523
-0.00022
-0.00331
0.00019
0.0009
-0.00135
0.00639
0.00059
-0.00054
-0.00091
-0.0039
-0.0052
-0.00864
0.00455
0.00771
0.00111
-0.00333
0.0061
0.00775
0.00085
-0.00062
0.00101
0.0066
0.00656
0.00138
-0.00864
-0.0041
0.00289
0.00083
-0.00105
-0.00045
0.00273
0.0016
0.00108
-0.00095
-0.00538
-0.00821
0.00164
0.00664
0.00561
0.00272
0.00305
-0.0116
-0.03792
-0.05474
-0.04612
0.00016
0.04741
0.06337
0.05401
0.03919
-0.00196
-0.04646
-0.07243
-0.05187
-0.0157
0.01789
0.05556
0.07334
0.05153
0.00349
-0.02714
-0.05145
-0.06036
-0.05076
-0.01297
0.03144
0.06819
0.06581
0.02908
0.00452
-0.03388
-0.07193
-0.07065
-0.02355
0.02474
0.06001
0.06485
0.0191
0.01441
0.0232
0.05102
0.22243
0.28463
0.28502
0.22012
0.03154
-0.40923
-0.71024
-0.71144
-0.56029
-0.11778
0.49524
0.58176
0.03692
-0.13862
0.40705
0.27491
-0.4488
-0.19369
0.73304
0.40274
-0.17066
-0.05283
-0.24058
-1.35045
-1.41366
-0.67841
-0.22769
2.08758
3.81236
2.72511
0.71288
-0.63235
-2.11938
-2.68335
-1.77133
-0.38067
0.30813
1.46233
1.78195
0.6625
-0.62735
-0.40891
-1.07849
-1.95376
-0.04388
1.66038
2.16544
2.7616
2.10122
-0.70756
-3.00665
-4.31607
-5.14025
-3.59189
0.53747
4.24695
4.35467
2.81895
1.23686
-1.87069
-4.98972
-4.79105
-2.06268
1.68504
4.82445
5.7047
3.39627
0.58664
-1.4467
-3.52649
-4.77116
-3.14407
0.44745
3.61178
4.87755
4.32729
2.79755
0.41576
-1.62534
-3.7271
-5.49724
-4.22289
-0.80421
1.58795
3.18781
5.32252
5.35728
2.28259
-1.02399
-3.67715
-5.32891
-4.62444
-2.84976
-0.37338
3.20828
5.27729
4.24379
1.93466
-1.01542
-2.98408
-3.85281
-4.05944
-2.73847
0.07541
2.93799
3.27694
2.05267
0.37139
-0.43012
-1.61911
-1.28801
-0.86947
-0.23765
0.93808
1.29184
0.65768
-0.3014
0.63776
-0.33189
-1.41513
-0.1344
1.77372
2.33985
2.37333
1.37102
-1.05276
-2.53281
-3.25689
-2.66501
-1.03352
0.60162
1.51368
2.95578
2.66489
-0.03012
-2.20605
-2.83015
-3.53191
-3.10807
0.51755
3.23774
3.94013
4.04038
3.39029
0.02293
-3.41869
-5.52567
-4.58463
-0.53375
3.61228
4.89663
4.06528
2.58033
-0.15008
-2.09042
-2.84234
-2.788
-2.52124
-1.39152
0.73081
2.24989
2.05236
0.26723
-0.87095
-1.92209
-3.08703
-2.61212
0.6723
2.6465
2.85802
3.22242
1.91816
-1.03081
-3.26939
-3.84799
-3.23927
-0.13825
2.37169
2.96074
3.97736
3.96477
1.85506
-1.12286
-3.54689
-4.57179
-3.36409
-1.24417
1.0726
3.28001
3.2926
1.85845
-0.29671
-2.21198
-3.64802
-2.97281
-0.2433
2.23135
3.2878
2.6278
1.80787
-1.22748
-3.93193
-3.46877
-0.6763
1.72242
3.35319
4.14224
2.87047
0.96203
-1.97257
-4.55538
-4.52306
-2.31488
-0.18889
1.36732
3.59489
3.15809
1.37685
0.3358
-0.36165
-0.60362
-1.01576
-0.88527
-0.00764
1.63948
1.83769
0.23761
-2.11258
-2.97294
-1.89308
-0.61224
0.33966
0.5218
1.57162
1.98993
0.17282
-2.06239
-2.72214
-2.0858
-1.49249
0.71979
2.40545
2.23422
1.78882
1.22086
0.26336
-1.6979
-3.10478
-2.81056
-0.7057
2.23505
4.07206
3.33323
0.9261
-0.95014
-3.18913
-4.22992
-2.37795
-0.19489
1.58934
3.23017
4.36624
3.70657
1.64777
-0.50826
-2.06669
-4.07929
-4.18376
-1.5122
1.69835
3.27896
3.42909
2.41983
-0.19477
-3.20607
-4.36993
-2.88481
-0.97943
1.30822
4.75893
5.82552
3.38153
-0.60786
-4.52408
-6.03595
-4.11755
-1.40299
0.53913
1.97687
3.5085
1.75243
-1.28458
-2.03741
-2.50173
-1.96621
1.30384
4.35337
4.53031
3.58008
1.47137
-2.03463
-5.54155
-6.28198
-3.93875
-0.74699
3.8533
7.08861
6.81768
3.8986
-0.85459
-5.72941
-6.82621
-4.25295
-1.94666
0.87926
5.50194
7.4407
3.62749
