-0.00071
-0.00094
-0.00568
-0.00483
-0.00169
-0.00471
-0.00092
0.00435
0.00325
0.00093
-0.00029
0.00082
-0.00225
-0.0061
-0.00158
0.00082
0.00007057
0.00135
-0.0012
-0.00296
-0.00401
-0.00465
0.00082
-0.00109
-0.00258
0.00176
0.00192
0.00003855
0.00008527
-0.00321
-0.0031
-0.002
-0.00294
-0.00273
-0.00318
0.00337
0.0047
0.00117
0.00145
-0.00019
-0.0029
-0.0037
-0.00687
-0.00657
0.00072
0.00339
0.00499
0.00478
0.0071
0.00939
0.00097
-0.00247
-0.00231
-0.00405
-0.00473
-0.00339
-0.00198
0.00155
0.00139
-0.00127
-0.00329
-0.00336
-0.00074
-0.00476
-0.00336
0.00376
0.00238
0.00022
-0.00179
-0.00117
0.00087
-0.00297
-0.00158
0.00327
0.00119
-0.00021
0.00043
-0.00233
-0.0031
-0.00345
-0.0018
0.0004
-0.00146
0.00286
0.00186
-0.00008197
0.00393
0.00149
-0.00195
0.00054
0.00214
0.00219
0.00353
0.00528
0.00759
0.00214
0.0016
0.00262
-0.0021
-0.00131
0.00052
-0.00058
0.00207
0.00544
0.00385
0.00044
-0.00004283
0.00066
-0.00436
-0.00684
-0.00076
0.00063
0.00084
0.00267
0.00147
0.00179
-0.00208
-0.00492
-0.00106
0.0002
0.00076
0.00257
0.00648
0.00703
-0.00105
-0.00557
0.00037
-0.00302
-0.00656
-0.00109
0.00545
0.00638
0.00443
0.00407
0.00262
-0.00121
0.0003
0.00029
-0.00406
0.0023
0.00422
0.00441
0.00538
0.00307
0.00199
0.000004317
-0.00157
0.00092
0.00247
0.00307
0.00521
0.00062
0.00182
0.00121
-0.00442
-0.00385
-0.00149
-0.00044
0.00238
0.00396
0.00867
0.00818
0.00209
0.00095
-0.00291
-0.00432
-0.00718
-0.00704
-0.00078
0.00157
-0.00004023
0.00389
0.0036
0.00093
0.00001576
-0.00107
0.00286
0.00133
0.00203
0.00528
0.00361
0.00067
-0.00033
-0.0027
-0.00139
0.00102
-0.00014
0.00209
-0.00185
-0.00165
-0.00031
-0.00408
-0.00376
-0.00015
0.00327
0.0036
0.00195
0.00222
0.0041
-0.00205
-0.00388
-0.00273
0.00166
0.00392
0.00095
0.00204
0.00263
-0.00334
-0.00838
-0.00629
-0.00249
-0.00104
-0.00391
0.00263
0.00728
0.00124
-0.00259
0.00027
0.00129
-0.00103
-0.00238
0.00313
0.00458
-0.00205
-0.00191
-0.00081
-0.00357
-0.00616
-0.00392
0.00347
0.00375
-0.00122
0.00196
0.00461
0.00016
-0.00602
-0.00435
0.00211
0.00114
-0.00151
0.00344
0.00332
0.00123
0.00159
-0.00025
0.00326
0.00288
0.00106
0.00176
0.00072
-0.00258
-0.00421
-0.00381
-0.00145
-0.00157
-0.0046
0.0032
0.00657
0.00191
-0.0002
0.00152
0.00474
0.00218
-0.00142
-0.00144
0.00097
0.00176
0.00054
-0.00157
0.00138
0.00216
-0.00058
0.00129
0.00053
-0.00098
-0.00267
-0.00064
0.00278
0.00267
0.00053
0.00422
0.00096
-0.00873
-0.02056
-0.02586
-0.01633
-0.00393
0.00481
0.01661
0.03062
0.02939
0.01141
-0.01112
-0.01724
-0.02279
-0.0248
-0.00959
0.0165
0.0315
0.02564
0.01839
0.0106
-0.00967
-0.03425
-0.03308
-0.01576
0.00278
0.01369
0.02176
0.03084
0.02182
-0.00638
-0.02554
-0.0224
-0.01698
-0.01016
0.00561
0.01527
0.02538
0.04156
0.04113
0.09213
0.14115
0.16129
0.17544
0.16716
0.01694
-0.17852
-0.29352
-0.38363
-0.39851
-0.20606
-0.04451
-0.05207
0.01742
0.31748
0.33983
-0.04067
-0.13428
0.3315
0.31355
-0.15369
-0.08367
0.23958
-0.30732
-0.93421
-0.75066
-0.47298
-0.07674
0.70678
1.29103
1.26404
1.08714
0.55821
-0.25012
-0.96515
-1.17622
-1.13605
-0.60036
0.05555
0.4113
0.35047
0.41373
0.09938
-0.58422
-0.43877
0.19364
0.42441
0.79441
1.52251
1.16919
0.18591
-0.73879
-1.78464
-2.52504
-2.08182
-0.77282
0.15501
0.76359
1.57007
1.46534
-0.21166
-1.68178
-1.76327
-1.21559
-0.61025
0.64485
1.89827
2.34482
1.78582
0.58738
-0.82133
-1.72359
-1.67555
-0.75892
0.48386
1.4906
2.27736
2.48042
1.69114
0.16849
-1.459
-2.3857
-2.33787
-1.7783
-0.82134
1.02107
2.57118
2.66575
2.03802
1.21411
-0.3644
-2.00933
-2.8456
-2.70101
-1.37992
0.2472
1.21346
1.91327
2.05795
1.20322
-0.24542
-1.57485
-2.29969
-2.02748
-1.08839
-0.23503
0.48792
0.9392
1.20112
0.5361
-0.05934
-0.3913
-0.481
-0.5029
-0.07514
0.33133
0.29633
0.54916
0.34631
-0.22106
-0.22691
0.52626
0.69066
0.76025
1.11697
1.06017
0.29304
-0.68424
-1.21475
-1.31262
-1.20149
-1.01734
0.23736
1.34655
0.9434
0.01654
-0.02048
-0.59809
-1.95988
-1.69957
-0.18044
0.63172
1.12794
2.36507
2.53103
1.0058
-0.88259
-1.56301
-1.393
-1.0528
-0.5301
0.92833
2.30993
2.10369
1.24104
0.50016
-0.5777
-1.96265
-2.24503
-1.34741
-0.49059
-0.10586
0.07723
0.3648
0.20818
-0.6829
-1.50069
-0.92775
-0.19581
0.14598
0.91011
1.79518
1.46805
0.1678
-0.76418
-1.40045
-1.45287
-1.10374
-0.47849
0.91697
2.33971
2.44224
1.58639
0.65954
-0.52069
-1.51301
-2.03466
-1.77786
-0.60168
0.46198
0.91519
1.0909
0.87319
-0.20114
-1.22287
-1.29974
-0.64237
-0.05837
0.32536
1.2156
1.21146
-0.00242
-0.90093
-0.59898
-0.4271
-0.29901
0.80677
1.97504
2.11568
1.07099
-0.22495
-1.118
-1.64693
-2.13732
-1.77122
-0.08336
1.01179
1.18292
1.46086
1.77912
1.16241
0.11908
-0.33269
-0.18419
0.25602
0.33814
0.0844
-0.331
-0.57016
-0.663
-0.96857
-1.13781
-0.87223
-0.04182
0.56704
0.38544
-0.22629
-0.46348
-0.72764
-1.43337
-1.21695
-0.16052
0.39823
0.51576
1.15305
1.61631
0.73358
-0.68999
-1.27453
-0.89008
-0.4436
0.00083
0.70495
1.21909
1.19373
0.30673
-0.89999
-1.42265
-1.45944
-1.33321
-0.36458
1.23158
2.27386
2.39738
1.8655
1.24585
-0.01703
-1.41829
-1.87481
-1.19774
-0.417
0.19277
1.04497
1.37404
0.48099
-0.84029
-1.31004
-1.44616
-1.54667
-0.37112
1.62818
2.25504
1.51131
0.6311
-0.31569
-1.3995
-2.37031
-2.46539
-1.47955
0.01927
0.59426
0.43992
0.53125
0.19629
-0.76983
-0.62659
0.67995
1.36836
1.67797
2.05589
1.74543
0.09899
-1.69387
-2.45999
-2.48793
-1.55704
0.3596
2.21377
3.04522
2.78401
1.26218
-0.4846
-1.65925
-2.81585
-3.05285
-0.95584
1.61697
2.05144
1.3181
0.95168
