0.00021
-0.00215
-0.00403
-0.00636
-0.00573
0.00061
0.00395
0.00557
0.00538
0.00223
-0.00095
-0.00479
-0.00644
-0.00316
-0.00192
-0.00385
-0.00131
0.00189
0.00101
-0.00211
-0.0042
-0.00533
-0.00697
-0.00299
0.00336
0.00444
0.00144
0.00145
0.0007
-0.00192
-0.00591
-0.00617
-0.00519
-0.00496
0.00045
0.00364
0.00586
0.00781
0.00777
0.00056
-0.00666
-0.00888
-0.00881
-0.00816
-0.00687
0.00176
0.00664
0.00983
0.01062
0.00628
0.00406
0.00044
-0.00326
-0.00631
-0.00442
-0.00071
0.00065
-0.00026
0.00237
0.00155
-0.00365
-0.00444
-0.00511
-0.00095
0.00318
0.00359
0.00406
0.00318
0.00089
-0.00432
-0.00679
-0.00499
-0.00112
-0.00041
0.00018
0.00284
-0.00048
-0.00349
-0.0059
-0.00361
-0.00135
-0.00174
0.00355
0.00404
0.00171
-0.00001141
-0.00238
-0.00472
-0.00451
-0.00258
-0.00083
0.00016
0.00358
0.00827
0.00508
0.00389
0.00284
-0.001
-0.00334
-0.00171
0.00218
0.00138
0.00171
0.00515
0.0045
0.00265
0.00276
-0.00125
-0.00525
-0.0043
-0.00423
-0.00293
0.00162
0.0071
0.00728
0.00108
-0.00208
-0.00586
-0.01051
-0.00702
0.00177
0.00694
0.00749
0.00657
0.00404
-0.00153
-0.0092
-0.0085
-0.00404
-0.00084
0.00174
0.00508
0.00964
0.01061
0.00316
-0.00171
-0.00348
-0.00655
-0.00299
0.00119
0.00353
0.00369
0.00596
0.00553
0.00163
-0.00107
-0.001
-0.00178
-0.00126
0.0047
0.00701
0.00738
0.00316
-0.00104
-0.00464
-0.00833
-0.00694
-0.00287
0.00082
0.00602
0.00714
0.00798
0.01025
0.00663
0.00012
-0.00537
-0.00548
-0.00439
-0.00016
0.00575
0.01121
0.00942
0.00391
0.00035
-0.00133
-0.00245
-0.00344
-0.0002
0.00304
0.00394
0.00211
0.00331
-0.00039
-0.00377
-0.00282
-0.00035
0.00498
0.00559
0.006
0.00013
-0.0059
-0.00619
-0.00465
-0.00268
0.00156
0.00634
0.00651
0.00118
-0.00601
-0.00461
-0.00371
-0.00256
-0.00055
0.0031
0.00653
0.00579
0.0028
-0.00058
-0.00415
-0.00828
-0.00786
-0.00385
0.00341
0.00546
0.00269
0.00329
0.0031
-0.00303
-0.00602
-0.00353
0.0023
0.00308
0.00156
0.00471
0.00126
-0.00463
-0.00516
-0.00227
-0.00039
-0.00037
0.00383
0.00849
0.00418
-0.00136
-0.00037
0.00103
-0.00135
-0.00377
-0.0018
0.00383
0.00346
0.00183
0.0021
0.00077
-0.00111
-0.00085
0.00277
0.0027
0.00223
-0.0009
-0.00197
-0.0038
-0.00506
-0.00267
-0.0008
0.00374
0.00258
0.00144
0.00296
0.00472
0.00321
-0.00048
0.0019
0.00564
0.00332
-0.00203
-0.00215
-0.00187
-0.00067
-0.00021
0.0001
0.00199
0.00076
0.0009
0.0005
-0.00164
-0.0034
-0.0033
-0.00072
0.00506
0.00581
0.00376
-0.00369
-0.01576
-0.03204
-0.0432
-0.03003
0.00299
0.03436
0.05112
0.04919
0.02781
-0.0034
-0.03956
-0.05347
-0.04169
-0.014
0.01793
0.04425
0.05695
0.04294
0.00695
-0.02754
-0.04186
-0.04815
-0.04063
-0.01144
0.03052
0.05254
0.04785
0.03071
0.00133
-0.03223
-0.05619
-0.05117
-0.01949
0.02088
0.04409
0.04221
0.03606
0.02219
0.0367
0.10284
0.18325
0.25469
0.25257
0.15104
-0.07033
-0.35034
-0.5845
-0.6306
-0.42443
-0.05009
0.26932
0.32633
0.19113
0.11412
0.1289
0.09098
-0.04824
-0.01112
0.27323
0.37404
-0.00114
-0.30376
-0.48782
-0.84584
-1.28581
-0.80801
0.70739
1.83029
2.38367
2.30356
1.04334
-0.77744
-1.81785
-1.94671
-1.5481
-0.66823
0.50672
1.11144
1.02448
0.58775
0.059
-0.75022
-1.15924
-0.76486
-0.03301
1.2231
2.163
2.13667
1.19039
-0.42537
-2.55746
-4.07885
-3.98537
-2.3332
0.31557
2.71388
3.62124
2.57646
0.40609
-1.77176
-3.55188
-3.8329
-1.54517
1.6726
3.69022
4.03041
3.18302
1.04551
-1.64409
-3.26463
-3.28792
-2.09337
0.16477
2.72591
4.12954
3.75368
2.32113
0.55748
-1.68576
-3.62156
-4.04329
-3.09761
-1.22894
1.15901
3.38407
4.45668
3.9703
1.99174
-0.86326
-3.13951
-4.16147
-4.07367
-2.61356
0.10647
2.67484
3.91515
3.4539
1.59325
-0.53131
-2.46076
-3.54934
-3.39099
-1.96881
0.11097
1.80653
2.44455
1.81793
0.70277
-0.51247
-1.06405
-1.25007
-0.62371
0.11297
0.5045
0.69947
0.64761
0.52427
-0.15713
-0.43537
-0.41287
0.13977
1.27205
2.14884
1.76546
0.69811
-0.52372
-2.07643
-2.84276
-2.2038
-0.75177
0.39678
1.4417
2.13362
1.852
0.14281
-1.80873
-2.74466
-2.66289
-1.82989
0.00958
2.56494
3.84692
3.33582
2.04614
0.20261
-2.7355
-4.46851
-3.18447
-0.11953
2.34445
3.67889
3.78421
2.18767
-0.08952
-1.77543
-2.29771
-2.47032
-2.27048
-1.13546
0.54482
1.5543
1.31533
0.38201
-0.84773
-1.9027
-2.31825
-1.4444
0.19318
1.97659
2.81658
2.32727
1.2162
-0.61308
-2.66724
-3.4142
-2.05668
-0.17819
1.5006
2.93145
3.52606
3.08906
1.41025
-0.95181
-2.90355
-3.49886
-2.86417
-1.17406
0.94762
2.44119
2.62964
1.38096
-0.32605
-1.87492
-2.58988
-2.18063
-0.42101
1.71873
2.63882
2.26595
0.80058
-0.97359
-2.54899
-2.5649
-0.65476
1.61307
2.82596
3.07715
2.65832
0.618
-2.02266
-3.53839
-3.31227
-2.18229
-0.5473
1.5291
2.65077
2.63045
1.51234
0.43406
-0.02218
-0.48099
-0.84025
-0.61145
0.3405
1.0886
0.98223
-0.16479
-1.49305
-2.10177
-1.72517
-0.78278
0.00951
0.86176
1.28115
0.94961
-0.17303
-1.43155
-2.0423
-1.95398
-0.97903
0.38229
1.82993
2.26113
1.49227
0.7655
0.04004
-1.23189
-2.52327
-2.19417
-0.18346
1.86097
2.77473
2.50361
1.15223
-1.14026
-2.77788
-2.99614
-2.03231
-0.29475
1.48669
2.87333
3.5388
3.1794
1.63723
-0.43956
-2.24054
-3.04801
-2.85371
-1.39163
1.02137
2.72433
2.76341
1.54955
-0.3152
-2.40435
-3.41992
-2.61716
-0.50859
1.66967
3.43386
4.34643
2.825
-0.79235
-3.64622
-4.3266
-3.51791
-1.86015
0.31972
2.12442
2.09774
0.96219
-0.41329
-1.67332
-1.88643
-0.84668
1.10292
3.21131
4.13632
2.95279
0.63755
-1.98597
-4.16704
-4.9222
-3.43534
-0.04843
3.24328
5.4513
5.61876
3.05941
-1.04457
-4.21306
-5.12869
-4.11011
-1.67729
1.49699
4.26667
5.01165
2.82709
