-0.00061
-0.00213
-0.0034
-0.00595
-0.00878
-0.01015
-0.00843
-0.00602
-0.00559
-0.00212
-0.00036
-0.0014
-0.0058
-0.00849
-0.00591
-0.00607
-0.00868
-0.00253
0.00307
0.00078
-0.00044
-0.0002
-0.00013
-0.00455
-0.00917
-0.00785
-0.00478
-0.0053
-0.00316
0.00253
0.00328
0.00206
-0.00019
-0.00349
-0.00623
-0.00627
-0.00685
-0.00716
0.00063
0.00742
0.0048
0.00165
0.00172
-0.00288
-0.01227
-0.01579
-0.00796
-0.00245
-0.00259
0.00129
0.00676
0.00309
-0.00546
-0.00886
-0.00864
-0.01044
-0.01085
-0.00396
0.00376
0.0046
0.00279
-0.00091
-0.00457
-0.01115
-0.01491
-0.01212
-0.00384
0.0011
0.00286
0.00495
0.00495
-0.00088
-0.00936
-0.01071
-0.01045
-0.00622
-0.00113
0.00297
0.00288
0.00176
-0.00032
-0.00782
-0.01051
-0.00912
-0.00676
-0.00559
-0.0001
0.00214
-0.00102
-0.00119
-0.00176
-0.0044
-0.00727
-0.00518
-0.00137
0.00174
0.00292
0.00238
0.00101
-0.00328
-0.0085
-0.01171
-0.00776
-0.0041
-0.0029
-0.00003613
0.00582
0.00399
-0.00347
-0.00622
-0.00515
-0.00726
-0.00901
-0.0038
0.00137
0.00105
-0.00123
-0.00116
-0.00267
-0.00461
-0.00626
-0.00866
-0.00778
-0.00265
-0.0018
-0.00429
0.00091
0.00137
-0.00208
-0.00483
-0.00338
-0.00465
-0.0079
-0.00361
0.00276
0.00263
0.00128
0.00344
0.00017
-0.00596
-0.00903
-0.00655
-0.00409
-0.0032
0.00106
0.00398
0.00007396
-0.00497
-0.00922
-0.00992
-0.00892
-0.00596
-0.00091
0.00121
-0.00026
-0.00336
-0.00569
-0.00836
-0.01068
-0.01189
-0.00678
0.00069
0.00099
0.00126
0.00217
-0.0016
-0.00919
-0.01223
-0.00926
-0.00756
-0.00521
0.00007881
0.00746
0.01002
0.00588
-0.0021
-0.00464
-0.00438
-0.00747
-0.00623
-0.00093
0.00299
0.00277
0.0008
-0.00185
-0.00589
-0.00924
-0.00757
-0.00568
-0.005
-0.00367
-0.00055
0.00136
-0.00263
-0.00545
-0.00115
-0.0018
-0.00531
-0.00344
-0.00128
-0.00296
-0.00595
-0.00582
-0.0038
-0.00535
-0.00688
-0.00488
-0.00472
-0.004
-0.00327
-0.00352
-0.00184
0.00137
0.00088
-0.00424
-0.00644
-0.00355
-0.00437
-0.00474
0.00034
0.00104
-0.00142
0.00054
-0.00043
-0.00526
-0.00893
-0.00831
-0.00733
-0.00585
-0.0004
-0.00047
-0.00474
-0.00371
-0.00468
-0.00737
-0.00786
-0.00604
-0.00376
-0.00044
0.00177
0.00282
0.00248
-0.0004
-0.00516
-0.00901
-0.00665
-0.00696
-0.00768
-0.0022
0.00419
0.00297
0.00059
0.00134
-0.00134
-0.00932
-0.01141
-0.00604
-0.00524
-0.00251
0.00319
0.00516
0.00268
-0.00295
-0.00844
-0.01129
-0.00839
-0.00669
-0.00475
-0.00021
0.00601
0.00396
-0.00301
-0.0042
-0.00753
-0.01057
-0.00978
-0.00596
-0.00457
0.00044
0.01286
0.01497
-0.00054
-0.01267
-0.0123
-0.01951
-0.02954
-0.02242
0.00243
0.02453
0.02275
0.00833
-0.00426
-0.01361
-0.03337
-0.04721
-0.03045
0.00232
0.01799
0.02034
0.02696
0.01788
-0.00977
-0.03273
-0.03233
-0.02195
-0.01121
0.00498
0.02018
0.02638
0.0143
-0.01513
-0.04152
-0.03164
-0.00633
-0.00574
0.0039
0.0422
0.04731
-0.03831
-0.09384
-0.06824
-0.02371
0.01124
0.03859
0.09122
0.12352
0.05553
-0.12129
-0.18053
-0.11348
-0.07284
-0.04256
0.09579
0.22596
0.16951
0.02222
-0.07293
-0.13543
-0.1868
-0.15599
-0.01949
0.11557
0.1588
0.11329
0.04794
-0.03695
-0.13947
-0.18263
-0.10465
0.01159
0.08603
0.10613
0.07459
0.03588
-0.03995
-0.11949
-0.12458
-0.02904
0.02813
0.06055
0.09212
0.07897
-0.00092
-0.07388
-0.08464
-0.0591
-0.03755
0.01512
0.25323
0.49384
0.57356
0.586
0.69291
0.71014
0.47001
-0.11642
-0.74555
-1.1058
-1.52245
-1.8358
-1.0628
-0.20245
-0.17765
-0.43917
0.87619
2.00291
0.44663
-0.95498
1.4475
2.32433
-0.50501
-1.20813
0.77493
-0.88838
-5.09808
-3.81984
-1.62022
-0.36986
3.14233
6.78513
5.85114
4.71268
2.95395
-1.15867
-4.75754
-5.00877
-4.4766
-2.16548
1.23224
2.96667
1.85621
1.46713
1.10655
-3.32561
-3.46028
1.02326
2.64151
2.96474
6.62089
6.58044
1.04852
-3.88296
-8.16099
-11.49868
-10.63658
-5.11283
-0.03516
3.15574
6.47299
6.77303
0.9501
-5.88859
-7.82623
-6.11237
-2.5122
2.96866
7.46519
9.63717
8.45371
3.97409
-2.52957
-6.91145
-7.09798
-3.12685
2.20834
5.40493
8.64336
10.24321
7.01768
0.61502
-4.36716
-7.33475
-8.23171
-6.67333
-3.19229
2.61788
7.6417
8.66199
7.28739
5.42169
0.94187
-4.78508
-8.20702
-9.38378
-6.82604
-1.43215
2.50198
5.13575
6.90178
6.25511
2.72823
-2.46701
-6.97069
-8.63374
-6.07545
-3.70923
-1.59748
1.41954
5.21062
4.52513
2.35298
1.68209
0.30679
-1.78009
-1.86526
-0.00655
-0.12927
1.05971
1.97168
0.87165
0.48705
3.0857
4.22019
2.87407
3.77799
4.0595
1.61856
-2.39433
-4.91654
-4.97661
-4.47418
-4.88814
-1.43071
4.57608
4.49775
0.37926
0.0603
-0.32926
-6.33235
-8.12988
-2.85358
1.8792
3.38498
7.73405
10.35124
6.09878
-2.0157
-6.49512
-5.69976
-4.13469
-2.6976
2.09896
8.81155
9.25964
5.24591
2.04853
-0.7192
-5.64421
-8.65327
-6.43981
-2.638
-0.51181
-1.6811
-1.34244
0.4198
-1.49287
-5.55339
-4.09654
1.18538
2.00877
2.02873
4.90975
5.2536
0.25253
-3.47729
-4.86131
-4.42961
-2.39403
-1.07228
2.57705
8.17675
9.88426
6.01333
1.87741
-0.70213
-3.51544
-6.47125
-7.44057
-3.21208
0.11211
0.91576
1.54171
2.52731
0.53566
-3.54436
-3.94856
-1.40736
0.68977
0.56036
2.80638
3.90839
0.92318
-2.93413
-2.30945
0.36088
1.04386
2.65395
5.72674
7.8406
4.69483
-0.92152
-4.06289
-4.86001
-6.19365
-6.44034
-1.58439
2.41635
2.42541
2.96101
5.48636
5.20375
2.17523
0.88846
1.01694
1.82364
1.07787
-0.57582
-2.68157
-4.14775
-3.95063
-3.27381
-2.53738
-2.50874
-0.91719
1.86276
1.28867
-2.33578
-3.61625
-2.65872
-4.17962
-4.12924
0.29329
3.18043
2.45327
2.45119
4.17829
3.17617
-1.72095
-4.79874
-2.45371
1.06222
1.78887
2.59838
3.35414
3.19763
0.73122
-3.23469
-4.39525
-3.51531
-2.55553
-0.63888
3.67455
7.16804
8.0411
5.34093
3.56228
1.67841
-2.34983
-5.71208
-4.70336
-1.85013
