-0.00061
-0.00227
-0.00321
-0.00656
-0.00858
-0.01033
-0.00889
-0.00613
-0.00632
-0.00153
-0.00157
-0.0013
-0.00615
-0.00815
-0.00572
-0.00634
-0.00703
-0.00187
0.00265
0.0009
0.00104
-0.00051
-0.00096
-0.00507
-0.00797
-0.008
-0.00588
-0.00481
-0.00171
0.00211
0.00248
0.00329
-0.00013
-0.00395
-0.00634
-0.00576
-0.00701
-0.00827
0.00113
0.00637
0.00458
0.00212
0.00257
-0.00447
-0.01213
-0.01376
-0.00769
-0.00495
-0.00227
0.00332
0.00531
0.0006
-0.00413
-0.00752
-0.01046
-0.01116
-0.00858
-0.00332
0.00165
0.00431
0.00513
-0.00209
-0.00515
-0.01089
-0.0134
-0.01348
-0.00347
0.00129
0.00263
0.00396
0.00485
0.00005576
-0.01021
-0.00998
-0.01095
-0.00526
-0.00124
0.00333
0.00298
0.0011
0.00087
-0.00822
-0.00948
-0.01075
-0.00613
-0.00541
0.00017
0.00075
-0.00184
4.683E-07
-0.00169
-0.00417
-0.00776
-0.00399
-0.00174
0.00159
0.00316
0.00217
0.001
-0.00361
-0.00692
-0.01151
-0.00732
-0.00425
-0.00233
0.00044
0.00515
0.00326
-0.00304
-0.00574
-0.00604
-0.00744
-0.0083
-0.0027
-0.00018
0.00077
-0.00019
-0.00108
-0.004
-0.0041
-0.00584
-0.00913
-0.0081
-0.00271
-0.00192
-0.00496
0.0017
0.00001311
-0.00201
-0.00414
-0.00253
-0.00598
-0.00854
-0.00138
0.00202
0.00131
0.00165
0.00465
-0.00092
-0.00613
-0.00737
-0.00623
-0.00536
-0.00197
0.00247
0.00252
-0.00099
-0.00333
-0.00939
-0.01128
-0.00924
-0.00383
-0.00147
-0.00044
0.00024
-0.00359
-0.00633
-0.00919
-0.01001
-0.01225
-0.0075
0.00159
0.00033
0.00129
0.00084
-0.00142
-0.00931
-0.01238
-0.00936
-0.00835
-0.00466
0.00043
0.00765
0.00913
0.00639
-0.00102
-0.0041
-0.00459
-0.00685
-0.00504
-0.00139
0.00281
0.00365
0.00179
-0.00273
-0.0065
-0.00819
-0.00637
-0.00669
-0.0061
-0.0039
-0.00011
0.00108
-0.00288
-0.00533
-0.00139
-0.00197
-0.00394
-0.00331
-0.00281
-0.00325
-0.00415
-0.00535
-0.00552
-0.0056
-0.00547
-0.00463
-0.00626
-0.00351
-0.00306
-0.00435
-0.00191
0.00195
0.00093
-0.00514
-0.00588
-0.00356
-0.00514
-0.00409
0.00092
-0.00016
-0.00188
0.00252
-0.00036
-0.00669
-0.00915
-0.007
-0.008
-0.00674
-0.00011
-0.00119
-0.00492
-0.00317
-0.00442
-0.00803
-0.00839
-0.00448
-0.00427
-0.00089
0.00177
0.00292
0.00214
-0.00084
-0.00421
-0.00926
-0.00705
-0.00714
-0.00624
-0.00228
0.00424
0.00236
0.0017
0.00122
-0.00224
-0.00886
-0.01047
-0.0061
-0.00662
-0.00118
0.00378
0.00407
0.0021
-0.00212
-0.00781
-0.01273
-0.00738
-0.00704
-0.0043
-0.00104
0.00637
0.00384
-0.00369
-0.00322
-0.00855
-0.01037
-0.00962
-0.00601
-0.00584
0.00032
0.01411
0.01318
-0.00177
-0.0117
-0.0111
-0.02027
-0.02885
-0.02062
0.00068
0.02367
0.0234
0.00957
-0.00815
-0.01436
-0.03067
-0.04382
-0.03304
-0.00094
0.02014
0.02369
0.02619
0.01166
-0.00823
-0.0268
-0.03055
-0.02633
-0.01211
0.00968
0.02036
0.02321
0.01245
-0.01343
-0.03963
-0.02833
-0.00843
-0.00674
0.008
0.04239
0.04288
-0.04208
-0.08106
-0.06943
-0.02985
0.01612
0.04197
0.08997
0.10779
0.06095
-0.11776
-0.17184
-0.1275
-0.06964
-0.02477
0.09145
0.2027
0.15687
0.04865
-0.06565
-0.16465
-0.18266
-0.12778
-0.00976
0.08477
0.15212
0.13033
0.04963
-0.0522
-0.13885
-0.16986
-0.10234
0.0083
0.08474
0.10242
0.0684
0.04791
-0.04985
-0.1144
-0.12371
-0.01967
0.01809
0.0624
0.09777
0.07009
-0.00756
-0.06796
-0.07038
-0.06993
-0.04366
0.02623
0.27641
0.46722
0.57229
0.59912
0.69157
0.69329
0.46931
-0.1259
-0.74393
-1.10774
-1.52288
-1.79311
-0.97809
-0.35347
-0.2164
-0.35966
1.02639
1.75215
0.28428
-0.58571
1.56165
1.77882
-0.44872
-0.5995
0.38837
-1.53195
-4.606
-2.86557
-2.87351
-0.35695
3.95899
6.80158
4.75413
4.79625
3.59475
-1.3647
-5.24579
-4.53314
-4.45359
-2.37571
1.61717
3.0832
1.22736
1.51288
1.98207
-3.68556
-3.21846
0.72632
2.88754
3.08051
6.43868
6.25718
0.66381
-3.2628
-8.05031
-11.66719
-10.5906
-4.5363
-0.31062
2.3637
6.79325
6.72768
0.51133
-5.62011
-7.46002
-6.13488
-2.46242
3.59275
7.01932
8.70725
8.67574
4.84482
-3.05241
-7.4818
-6.49376
-2.28366
1.83099
4.72702
8.79606
9.87302
7.10069
0.99291
-4.5664
-7.88464
-7.7244
-5.52253
-3.51828
1.68549
7.71163
9.2366
7.26967
4.66252
0.7992
-4.367
-7.94079
-9.41061
-6.60334
-1.38413
2.53882
5.46083
6.48459
6.15717
2.88174
-2.31839
-7.0399
-8.87669
-5.34598
-3.71271
-1.66675
0.75728
5.50565
4.64581
2.72794
1.34464
-0.23655
-1.04191
-1.23517
0.1323
-1.35392
1.65073
2.37803
0.93631
0.23022
3.04842
4.33683
2.89142
4.27744
3.45861
1.42792
-2.21963
-4.20106
-5.47532
-5.07986
-4.10258
-0.75043
3.63825
3.67676
1.55688
0.50457
-1.35255
-6.66712
-6.40702
-3.00764
0.76889
3.50831
8.99352
9.23644
5.08057
-1.32166
-5.6608
-6.41654
-4.59057
-1.58832
1.96185
7.96584
9.18288
6.28897
1.34554
-1.68519
-5.19487
-7.71333
-6.56479
-3.48363
-0.40479
-1.53635
-0.9691
0.12499
-1.98868
-5.32954
-3.66496
1.17372
1.26184
2.66705
4.89498
4.55267
-0.06071
-2.63968
-4.73243
-5.2096
-2.31079
-0.49677
2.98446
7.34173
9.76641
6.33772
1.7951
-0.67198
-3.68275
-6.17119
-7.39284
-2.95375
-0.69592
1.2968
1.81376
2.16489
-0.27663
-3.25176
-2.83132
-2.06485
0.11124
0.66722
3.80749
3.21452
0.47395
-2.1961
-1.99876
0.00436
0.99307
3.43696
5.13721
7.28651
4.81974
-0.27667
-4.39839
-5.31411
-5.44882
-6.03035
-1.56069
1.44435
2.74615
3.51518
5.11384
4.78625
1.98473
1.58431
0.74883
1.68688
0.88572
-0.33315
-3.02549
-4.22486
-3.51167
-3.27358
-2.64525
-2.77465
-0.64095
1.91537
0.95814
-2.19681
-3.90548
-2.78668
-3.9051
-3.19709
-0.16928
1.97179
3.07125
3.61366
3.9083
1.7716
-1.49815
-3.39924
-2.62441
0.32197
1.95981
3.04728
2.81941
3.20578
1.15135
-3.18845
-4.55529
-3.80232
-1.87769
-0.42208
3.7575
6.49256
7.73366
5.54938
4.30797
0.91082
-3.20932
-5.10886
-4.08678
-2.13615
