0.00002825
0.00054
-0.00236
-0.00493
-0.00651
-0.01266
-0.01488
-0.01052
-0.0012
0.00363
0.00462
0.0022
0.00041
-0.00689
-0.01634
-0.01633
-0.00941
-0.00433
-0.00285
0.00633
0.00829
0.00014
-0.00621
-0.00448
-0.00354
-0.00805
-0.01362
-0.00819
-0.00157
-0.00087
0.00352
0.00871
0.00719
0.00113
-0.01026
-0.01952
-0.01649
-0.00338
0.005
0.01189
0.01511
0.01527
-0.00081
-0.0138
-0.01533
-0.01513
-0.02094
-0.01577
0.00478
0.01789
0.01255
0.0081
0.00515
-0.00937
-0.02404
-0.02271
-0.01275
-0.0048
0.00099
0.01458
0.01898
0.00745
-0.0109
-0.01834
-0.02403
-0.02207
-0.01582
0.0031
0.02143
0.02273
0.01129
-0.00344
-0.01408
-0.02319
-0.02212
-0.01214
-0.0001
0.01175
0.01535
0.00894
-0.00605
-0.01201
-0.01686
-0.01588
-0.01117
-0.0016
0.00248
0.00713
0.00925
0.00409
-0.00488
-0.01255
-0.01263
-0.01132
-0.00547
0.00287
0.0114
0.01407
0.00503
-0.00584
-0.01326
-0.01786
-0.02283
-0.01712
0.00167
0.01476
0.01185
0.00713
0.00442
-0.0081
-0.01754
-0.01632
-0.00644
-0.00283
-0.00129
0.0044
0.00936
0.00279
-0.00416
-0.01059
-0.01283
-0.00686
-0.00399
-0.00548
-0.0033
0.00343
0.0022
-0.0005
0.00296
0.00078
-0.00916
-0.01223
-0.00759
-0.00666
-0.00321
0.00795
0.01543
0.00744
-0.0019
-0.00568
-0.01225
-0.0211
-0.01645
-0.00187
0.00984
0.0117
0.00827
-0.00096
-0.01161
-0.01992
-0.01849
-0.01128
-0.00186
0.00839
0.01457
0.01026
-0.00552
-0.01848
-0.01918
-0.01527
-0.00907
-0.00255
0.00913
0.01423
0.00854
-0.0013
-0.00658
-0.0154
-0.02125
-0.01655
-0.00402
0.00726
0.01011
0.01211
0.01495
0.00934
-0.01029
-0.02573
-0.02283
-0.00779
0.00367
0.00998
0.0119
0.00396
-0.00541
-0.01091
-0.0137
-0.01556
-0.01101
0.00012
0.00848
0.00441
-0.00093
-0.00099
-0.00318
-0.00992
-0.00955
0.00012
0.00295
-0.00355
-0.00314
-0.00218
-0.00874
-0.01089
-0.00614
-0.001
-0.00283
-0.00586
-0.006
-0.00542
-0.0017
0.00213
0.00131
0.0002
0.00163
-0.00405
-0.01036
-0.00999
-0.00455
0.00022
0.00358
0.00724
0.00248
-0.00588
-0.00706
-0.00746
-0.01229
-0.01022
-0.00459
-0.00064
0.00492
0.00628
-0.00093
-0.01057
-0.01389
-0.01165
-0.00974
-0.00288
0.00302
0.00447
0.00593
0.00577
0.00239
-0.00144
-0.00942
-0.01896
-0.01419
-0.00565
0.00021
-0.0014
0.00582
0.01112
0.00412
-0.00405
-0.00633
-0.01322
-0.02184
-0.0157
0.00095
0.01131
0.01305
0.01235
0.00409
-0.01259
-0.02185
-0.02624
-0.01361
0.00481
0.01164
0.00858
0.00719
0.00424
-0.00565
-0.01543
-0.01654
-0.01341
-0.00799
0.00237
0.00463
0.00013
0.01392
0.03547
0.02334
-0.02502
-0.0612
-0.05341
-0.03389
-0.01526
0.01679
0.06761
0.08493
0.03412
-0.05373
-0.09222
-0.0785
-0.05372
-0.01894
0.03982
0.0864
0.07171
0.02186
-0.0213
-0.05473
-0.07861
-0.06689
-0.02075
0.02911
0.05564
0.05678
0.03984
0.00328
-0.04229
-0.10408
-0.11024
-0.0169
0.07717
0.08627
0.06949
0.06891
-0.03018
-0.2205
-0.28005
-0.10521
0.1653
0.2929
0.24824
0.13452
0.03152
-0.2511
-0.53327
-0.41734
0.00434
0.31162
0.42225
0.44049
0.29092
-0.12206
-0.48416
-0.53357
-0.31541
-0.03163
0.25253
0.44077
0.42502
0.14257
-0.19547
-0.35726
-0.35915
-0.26514
-0.05422
0.23825
0.38025
0.32263
0.04042
-0.19987
-0.29549
-0.25831
-0.16432
0.0526
0.25549
0.27585
0.15833
0.00327
-0.13544
-0.25119
-0.22728
-0.0773
0.13189
0.14001
0.2187
0.64216
1.0055
0.9278
0.68708
0.54438
0.48732
-0.0611
-1.30343
-2.44437
-2.51887
-2.44937
-1.59295
1.06715
2.87115
0.91503
-1.03496
1.22539
2.64204
-0.86137
-2.22
3.00239
3.99012
-1.34009
-3.3165
-0.69026
-4.99862
-8.47699
-4.79407
1.58868
8.34994
15.90225
14.40303
4.98815
-4.7426
-11.01781
-12.33159
-8.45143
-1.57319
3.6555
7.69642
7.8986
3.05669
-4.04277
-4.29426
-5.56848
-7.79464
-0.79664
9.98974
12.55621
11.03659
8.65907
-0.91113
-12.78625
-20.63625
-22.50279
-15.90506
-0.03315
16.55825
21.41736
13.79244
3.7019
-7.42458
-18.9209
-22.66647
-12.79369
5.0063
20.25307
24.45727
17.61916
4.97095
-6.9841
-15.68945
-18.61519
-13.4058
0.04561
15.73891
22.35698
17.24877
8.76564
1.11191
-7.61801
-14.67539
-16.00377
-11.45491
-4.43572
2.98295
9.61876
16.30222
17.30876
9.85728
-0.33627
-8.05207
-13.82984
-15.30413
-12.75936
-7.77112
3.22495
13.80691
16.05595
10.98154
3.4086
-3.62404
-9.54962
-14.36443
-16.5195
-8.8405
2.94859
10.11525
8.79996
6.68947
3.90075
-1.21809
-3.64106
-3.35578
-1.94144
-2.0334
0.61003
1.3892
1.92927
3.49149
2.96006
-1.82687
-1.71651
5.18608
8.38458
7.56681
3.93252
-0.10069
-6.52173
-12.29058
-12.25028
-4.44074
1.20871
2.08776
8.44486
13.1229
4.69394
-8.73375
-10.95036
-10.82668
-12.18137
-5.68558
10.01679
17.39536
16.20576
13.33123
7.23318
-8.24355
-24.4179
-23.35315
-4.8774
13.22642
18.11689
18.02945
13.37231
1.44544
-10.13879
-11.44145
-8.13112
-7.83859
-7.23152
-1.38865
6.0931
6.14908
-1.26368
-5.2387
-4.33615
-6.47669
-8.85686
0.44027
10.50827
11.35769
7.93815
4.93819
-2.21663
-11.19783
-14.5085
-9.97729
1.39147
9.10618
9.55975
10.93182
13.291
9.08918
-1.94194
-10.77049
-13.82751
-10.23531
-6.78712
-0.45584
7.30653
10.23235
4.68615
-0.66209
-3.4646
-7.91902
-9.67112
-3.95355
6.58955
10.41961
6.9151
3.37248
-1.1927
-9.96606
-13.293
-3.09214
9.48876
14.30041
11.9804
9.21967
4.01223
-6.63051
-15.71599
-15.47405
-7.04505
-1.31373
3.45265
9.76764
9.59749
2.95516
-0.38157
3.00809
4.43943
2.34407
-1.36581
-0.73502
1.42343
2.03127
-1.33668
-7.10112
-10.99097
-7.71452
0.26194
4.56909
2.52958
2.5423
3.8342
-1.61622
-10.44687
-10.30573
-4.85906
-1.84913
2.84508
9.81069
10.04077
2.42284
-2.49286
-0.33085
-0.36378
-7.0543
-9.49025
-1.1444
9.07139
12.61028
8.46334
0.9396
-5.37154
-11.13987
-12.03137
-5.83006
3.01064
6.42077
8.27141
10.0797
11.36283
7.53675
0.17514
-3.8787
-6.79858
-10.28857
-8.99842
