0.00018
-0.00072
-0.00221
-0.00412
-0.00812
-0.00989
-0.01086
-0.00807
-0.00148
0.0022
0.00395
0.00213
-0.00071
-0.00732
-0.01337
-0.01418
-0.01104
-0.00662
-0.0024
0.00159
0.00375
0.00133
-0.00418
-0.00428
-0.00416
-0.00793
-0.01001
-0.00743
-0.00364
-0.00071
0.00244
0.0058
0.00568
-0.00257
-0.0098
-0.01286
-0.01111
-0.00347
0.00545
0.01126
0.01251
0.00893
-0.00011
-0.01021
-0.01529
-0.01531
-0.01581
-0.01085
0.00211
0.01255
0.0124
0.00709
0.0022
-0.00693
-0.01876
-0.02014
-0.01127
-0.005
0.00151
0.01026
0.01272
0.0041
-0.0089
-0.01587
-0.01992
-0.01996
-0.01099
0.00478
0.01441
0.01633
0.00984
-0.00231
-0.01296
-0.01928
-0.01721
-0.01208
-0.00046
0.00766
0.0094
0.0045
-0.00368
-0.01013
-0.01498
-0.01302
-0.00967
-0.00252
0.0032
0.00631
0.00649
0.00269
-0.00408
-0.01106
-0.01178
-0.00939
-0.00426
0.00217
0.00895
0.00917
0.0026
-0.00483
-0.01281
-0.01822
-0.01992
-0.01205
-0.00065
0.00797
0.01038
0.00701
0.001
-0.00583
-0.01304
-0.01359
-0.00762
-0.00362
-0.00052
0.00313
0.006
0.00264
-0.00509
-0.00888
-0.00764
-0.00774
-0.00585
-0.00262
-0.00106
0.00076
0.00197
0.0028
-0.00081
-0.00183
-0.00561
-0.01015
-0.00886
-0.00397
0.00076
0.00425
0.00953
0.00753
-0.00126
-0.00844
-0.01201
-0.01593
-0.01435
-0.00296
0.00659
0.00705
0.00426
0.00031
-0.0088
-0.01724
-0.01545
-0.00909
-0.00189
0.00587
0.01118
0.00732
-0.0046
-0.01227
-0.01543
-0.01332
-0.00859
-0.00045
0.0077
0.00888
0.00738
0.00093
-0.00673
-0.01271
-0.01584
-0.01252
-0.00415
0.00481
0.0087
0.01059
0.00978
0.00292
-0.01005
-0.01962
-0.01777
-0.00914
0.00045
0.00595
0.00694
0.0028
-0.00498
-0.01105
-0.0127
-0.01203
-0.00787
-0.00059
0.00481
0.00442
0.00096
-0.00171
-0.0046
-0.00766
-0.00631
-0.00233
-0.00048
-0.00191
-0.00397
-0.00434
-0.00621
-0.00922
-0.00647
-0.00219
-0.00336
-0.00541
-0.00511
-0.00237
-0.00159
-0.00019
0.0018
0.00044
-0.00172
-0.00333
-0.00646
-0.00822
-0.00439
0.0006
0.00268
0.00251
0.00113
-0.00289
-0.00855
-0.00859
-0.00697
-0.00784
-0.00531
0.00103
0.00369
0.00169
-0.0012
-0.00713
-0.01278
-0.01154
-0.00652
-0.00279
-0.00003675
0.0053
0.00587
0.0032
0.00221
-0.0026
-0.0095
-0.01364
-0.01185
-0.00698
-0.0032
0.00025
0.00461
0.00551
0.00342
-0.00252
-0.00842
-0.01249
-0.01582
-0.01173
-0.00152
0.00862
0.01041
0.00732
0.00164
-0.00921
-0.01978
-0.01925
-0.00882
-0.00091
0.00742
0.00921
0.00578
0.00118
-0.00557
-0.0108
-0.01497
-0.01046
-0.00453
-0.00108
0.00292
0.00912
0.01687
0.01971
0.00876
-0.02059
-0.04474
-0.04688
-0.03105
-0.00915
0.02166
0.05528
0.05629
0.01591
-0.03625
-0.06609
-0.06919
-0.04821
-0.01031
0.0345
0.06224
0.05301
0.01913
-0.01975
-0.04625
-0.06247
-0.05562
-0.01913
0.02232
0.04456
0.04368
0.02965
-0.00097
-0.04827
-0.08137
-0.06822
-0.01754
0.04261
0.07419
0.06311
0.0238
-0.06391
-0.16091
-0.18653
-0.06166
0.12143
0.21051
0.20544
0.12781
-0.0293
-0.25154
-0.36366
-0.28161
-0.02048
0.2428
0.35781
0.35103
0.18981
-0.09484
-0.36782
-0.42142
-0.24665
-0.02555
0.1873
0.34162
0.32197
0.10842
-0.13608
-0.27727
-0.29709
-0.20917
-0.02302
0.17702
0.28486
0.21992
0.04483
-0.12928
-0.24348
-0.21695
-0.10997
0.04411
0.17225
0.21838
0.1348
-0.00545
-0.11179
-0.18146
-0.17256
-0.05697
0.07375
0.16885
0.35184
0.59972
0.83356
0.84477
0.68393
0.55095
0.2924
-0.36938
-1.27846
-1.98217
-2.36006
-2.07297
-0.79277
0.63814
1.44343
0.96214
0.48832
0.76012
0.91008
0.1474
0.09234
1.27729
1.88431
-0.04952
-2.24049
-2.85978
-3.95894
-5.59532
-4.38235
2.98724
8.89133
10.96274
10.83738
5.5733
-3.7358
-9.13737
-9.10461
-6.70071
-2.76868
3.19218
6.26519
4.71774
1.62207
-1.151
-4.45166
-6.60357
-3.25142
0.86651
6.43266
10.99879
10.08128
4.97105
-1.95836
-10.55806
-18.5757
-18.49301
-10.79467
0.56499
11.32343
16.13625
12.52346
2.36543
-7.54912
-14.6991
-16.9914
-9.37992
4.71228
15.64666
18.45291
14.75377
5.60636
-5.89634
-13.64591
-14.17588
-9.04631
0.80673
11.98867
17.46549
15.37082
8.33748
0.98386
-6.64854
-12.71615
-13.35674
-9.50932
-4.05701
1.96474
9.53423
14.30406
13.26504
8.12227
0.56784
-6.95622
-11.73452
-13.27186
-11.69685
-5.40264
2.93665
9.829
12.56374
9.13798
3.34735
-2.94325
-9.09894
-12.96198
-12.23072
-6.38899
0.77464
6.64339
7.91554
6.22774
2.71848
-0.35626
-2.89414
-3.22884
-1.75045
-1.45021
-0.55794
0.90149
3.04776
2.18769
0.81934
0.45705
0.93595
3.60601
6.63999
6.38257
2.62139
-0.76674
-5.61586
-9.98352
-9.38564
-4.52719
-0.04583
3.43962
6.99837
7.9659
2.81763
-5.55212
-10.09829
-10.20563
-8.16847
-3.11359
6.99492
14.72504
14.78663
10.384
4.24232
-7.37116
-17.85427
-15.73716
-3.5026
8.11008
14.24925
15.8334
10.77765
1.53702
-6.44524
-8.72479
-8.09061
-7.65597
-5.42577
-0.79213
3.49172
2.76859
-0.23793
-3.2998
-5.25254
-5.7468
-4.18265
0.64894
6.79825
10.13367
7.11969
2.7925
-1.97381
-8.31867
-11.69456
-6.93466
1.04996
5.69438
9.18251
10.88665
10.42595
6.12618
-1.37395
-8.12922
-10.87978
-9.35742
-5.58763
0.23126
4.98203
7.22413
4.4786
-0.29597
-3.6389
-5.84742
-6.25504
-2.77226
4.48628
7.47007
6.05115
2.05883
-2.55367
-7.29271
-8.37974
-1.8457
6.87298
11.28578
10.5113
8.29596
2.24936
-6.36163
-12.21014
-11.67255
-7.24743
-2.25109
3.79836
6.98432
7.17852
4.23464
1.73937
2.68094
3.38887
1.93594
-0.12643
0.38241
1.07802
0.37673
-2.46832
-6.13776
-7.78092
-6.00853
-1.04005
2.17831
3.24888
2.98972
1.08066
-2.7064
-7.16193
-7.87059
-5.18468
-1.11966
2.84269
6.71413
7.62902
2.9724
-0.82841
-0.9379
-1.97879
-5.34352
-5.75832
0.19376
6.71012
8.71014
6.25587
1.63512
-5.00494
-9.58102
-8.67244
-4.54792
1.06092
5.47242
8.03141
9.23878
9.5586
6.40672
1.42235
-3.63319
-6.30644
-7.10545
-6.258
