0.00019
-0.00097
-0.00177
-0.0041
-0.00756
-0.00941
-0.00984
-0.00626
-0.00186
0.00295
0.00372
0.00389
-0.00151
-0.00718
-0.01261
-0.01536
-0.01171
-0.00935
-0.00267
0.00134
0.00109
0.0000312
-0.00067
-0.00418
-0.00601
-0.00752
-0.00738
-0.00802
-0.00634
-0.00087
0.00382
0.00455
0.00304
-0.00115
-0.00895
-0.01396
-0.00938
-0.00122
0.00618
0.00982
0.01502
0.00678
-0.00206
-0.00836
-0.01328
-0.01894
-0.01636
-0.00599
0.00265
0.0073
0.0136
0.01262
0.00037
-0.01068
-0.01437
-0.0169
-0.01583
-0.00691
0.00619
0.00951
0.00804
0.00345
-0.00422
-0.01854
-0.02058
-0.01814
-0.00876
0.00227
0.01474
0.01771
0.00821
-0.00249
-0.0126
-0.01787
-0.01831
-0.01092
-0.00166
0.00576
0.00941
0.00341
-0.00371
-0.01177
-0.01238
-0.0137
-0.00822
-0.00339
0.00321
0.00741
0.00816
0.00179
-0.00653
-0.00901
-0.01215
-0.01013
-0.00481
0.00347
0.00809
0.00741
0.00369
-0.00555
-0.01385
-0.01993
-0.01915
-0.0122
-0.00159
0.00686
0.01008
0.00815
0.00071
-0.00659
-0.01193
-0.0111
-0.00995
-0.00508
0.00093
0.00491
0.00314
0.00192
-0.00273
-0.00818
-0.00967
-0.00637
-0.00367
-0.0041
-0.00024
0.00235
0.00148
0.00211
0.00202
-0.00415
-0.00769
-0.00712
-0.00727
-0.00642
-0.00035
0.00859
0.00779
0.00374
0.00107
-0.00679
-0.01635
-0.0162
-0.01096
-0.00447
0.00195
0.0086
0.00662
-0.00253
-0.00965
-0.01183
-0.01587
-0.01215
-0.00132
0.00844
0.01052
0.00549
-0.00119
-0.01061
-0.01613
-0.01208
-0.00714
-0.00077
0.00602
0.01121
0.00682
0.00162
-0.00582
-0.01186
-0.01489
-0.01118
-0.00327
0.00253
0.00881
0.01124
0.00802
-0.00041
-0.01019
-0.01869
-0.01823
-0.01093
-0.00035
0.0065
0.0044
0.00066
-0.0041
-0.00954
-0.01431
-0.01339
-0.00607
0.00192
0.00393
0.00434
0.00171
-0.00161
-0.00472
-0.00745
-0.00595
-0.00334
-0.00249
0.00027
-0.00258
-0.00769
-0.0073
-0.00588
-0.00532
-0.00571
-0.00359
-0.00246
-0.0048
-0.00423
0.00053
0.00131
-0.00088
0.00029
-0.00037
-0.00321
-0.00722
-0.00606
-0.0038
-0.00231
0.00411
0.00445
-0.00261
-0.00507
-0.00447
-0.00828
-0.00921
-0.00607
-0.002
-0.00054
0.00252
0.00482
-0.00304
-0.00885
-0.00935
-0.01162
-0.0083
-0.00273
0.00228
0.00396
0.00492
0.00516
0.00168
-0.00412
-0.00888
-0.01133
-0.01295
-0.00738
-0.00504
0.00101
0.00388
0.00461
0.00215
-0.00144
-0.00752
-0.01466
-0.01532
-0.00886
-0.00193
0.00443
0.01208
0.00924
-0.00204
-0.00923
-0.01712
-0.01739
-0.01188
0.00091
0.00755
0.00771
0.00601
0.00181
-0.0062
-0.0112
-0.01159
-0.01123
-0.00504
0.00154
0.00391
0.00819
0.01738
0.02187
0.00492
-0.02339
-0.04008
-0.04574
-0.03423
-0.0072
0.02752
0.0491
0.05042
0.01821
-0.02926
-0.0692
-0.07064
-0.04333
-0.00505
0.03189
0.05252
0.05124
0.02461
-0.01733
-0.05583
-0.06378
-0.04552
-0.01711
0.01287
0.04095
0.04995
0.02807
-0.00577
-0.05031
-0.07768
-0.06664
-0.01454
0.03688
0.06426
0.0686
0.0212
-0.07699
-0.16437
-0.15457
-0.05429
0.08827
0.21567
0.2151
0.12263
-0.05905
-0.23531
-0.33815
-0.25913
-0.03599
0.21917
0.38612
0.36073
0.13872
-0.116
-0.30676
-0.37915
-0.30543
-0.03602
0.23082
0.33821
0.264
0.10585
-0.09605
-0.27021
-0.30651
-0.20003
-0.0104
0.16427
0.27432
0.20587
0.04922
-0.13696
-0.21175
-0.22395
-0.11468
0.05117
0.17348
0.18905
0.13117
0.02554
-0.12634
-0.19139
-0.15082
-0.03198
0.03929
0.16364
0.37312
0.62117
0.78012
0.81626
0.71833
0.55256
0.22419
-0.36962
-1.26843
-1.94155
-2.34889
-2.04164
-0.71095
0.82648
1.12625
0.80033
0.84364
0.98284
0.43234
-0.15915
0.97493
1.52049
0.63958
-0.11057
-0.44812
-3.61521
-5.32889
-4.57952
-1.8931
0.77296
7.80784
13.18222
10.57337
3.07324
-2.47945
-7.31948
-10.12119
-6.81037
-1.43923
2.23847
4.80286
5.93332
1.63641
-2.75556
-4.62165
-4.68121
-4.38585
1.02134
7.17579
9.75658
10.04252
5.74913
-2.81395
-11.84565
-16.65435
-17.59822
-11.81283
1.17176
12.34838
14.94662
11.19784
3.4718
-7.21583
-15.78947
-15.55114
-8.19636
3.12761
14.84378
19.89919
13.92692
3.70302
-4.98589
-11.6211
-14.81026
-9.64765
1.76741
12.22097
16.72596
14.91826
8.85735
0.24489
-6.79118
-11.11389
-13.31471
-11.25715
-3.73468
3.8326
9.07389
12.50551
13.45287
8.65828
0.62285
-7.08449
-11.77077
-13.04758
-11.23496
-5.54559
2.35332
9.47741
11.81205
9.33598
3.10244
-3.50761
-8.52057
-12.42045
-11.99532
-7.18406
1.59802
6.50085
7.6866
5.48511
2.58886
-0.33671
-2.42257
-2.96677
-3.7687
-1.12387
0.51604
1.19068
0.96403
2.61551
1.67106
-0.186
1.13069
3.83177
5.92179
5.56136
4.19908
-1.70711
-6.72502
-8.65558
-7.84193
-5.74446
-1.36258
4.95089
7.88036
6.07638
0.87268
-3.45548
-8.96004
-12.11585
-9.08927
0.28222
6.70422
11.71299
15.18205
13.22702
2.18469
-9.22748
-14.68964
-13.82767
-5.23287
6.95954
15.89743
14.97137
9.08698
2.01127
-4.02777
-8.69487
-9.64813
-7.2293
-3.94931
-0.65269
2.08058
2.60845
0.06111
-2.78807
-4.94528
-6.49853
-3.51289
1.51524
6.48749
8.3134
8.40306
3.93316
-3.80118
-8.5815
-9.09366
-6.48161
-1.14615
6.02324
9.85149
10.52677
9.68653
5.66562
-0.92938
-7.96426
-10.28029
-9.73684
-5.08917
0.45845
5.38274
5.60114
4.6567
1.40512
-3.94124
-7.02509
-5.63168
-0.42755
3.14507
5.78936
6.4626
3.10606
-3.83518
-8.13958
-6.4469
-1.58725
5.2876
10.88594
12.21363
7.37787
0.8364
-5.4793
-11.05563
-11.96948
-8.46665
-1.48807
4.12171
6.87417
6.12973
4.00235
3.50852
2.54879
2.44392
1.68947
1.41625
0.03736
0.68418
0.65659
-2.07815
-6.59407
-7.88652
-5.07774
-1.23588
1.68188
3.40714
3.13387
1.04607
-3.06285
-6.14351
-7.76766
-6.25088
-1.22172
4.59289
6.49326
4.52072
3.33524
1.912
-1.52003
-4.39827
-4.77007
-3.41311
-0.34205
5.18286
8.9866
6.82195
0.3648
-5.34835
-8.19756
-8.67628
-4.58924
0.24295
5.34926
8.34488
10.03685
8.66406
5.55776
2.14807
-2.02467
-6.52383
-8.25421
-4.8482
