-0.00002906
-0.00261
-0.00845
-0.00435
-0.00056
0.00484
0.0086
-0.00101
-0.00114
-0.00626
-0.00875
0.00378
0.00367
0.00486
0.00157
-0.01099
-0.0069
-0.00608
-0.00153
0.00731
-0.00213
-0.00349
-0.00279
-0.00623
0.00377
0.0016
-0.00011
0.00206
-0.00505
-0.00163
-0.00227
-0.00669
0.00086
-0.0014
-0.00098
0.00441
0.00073
0.00485
0.00218
-0.00647
-0.00307
-0.00527
-0.00316
0.00175
-0.00372
0.00104
0.00331
-0.00006012
0.00663
0.00434
0.00288
0.00529
-0.00292
-0.00146
-0.00131
-0.0039
0.00278
-0.00129
-0.0019
0.00019
-0.00767
-0.0016
0.00207
0.00164
0.00804
-0.00021
-0.00353
-0.00141
-0.00794
0.0007
0.00435
0.00075
0.0044
-0.00494
-0.00724
-0.00368
-0.00761
0.00336
0.00372
0.00043
0.00429
-0.00629
-0.00559
0.00018
-0.00281
0.00399
0.00231
-0.00227
0.00205
-0.00678
-0.00335
0.00405
0.00177
0.01011
0.0051
-0.0023
0.00028
-0.00465
0.00191
0.00684
0.00315
0.00561
-0.00275
-0.00352
0.00317
0.00105
0.00549
0.00302
-0.00478
-0.00409
-0.00583
-0.00082
0.0088
0.00477
0.00231
-0.00382
-0.0133
-0.00639
-0.00048
0.00784
0.01475
0.00174
-0.00392
-0.00891
-0.01191
0.0013
0.00693
0.00968
0.00785
-0.00779
-0.00905
-0.00521
0.00081
0.01531
0.01084
0.0008
-0.00236
-0.01002
-0.00263
0.0054
0.0039
0.00998
0.0013
-0.00432
-0.00064
-0.00493
0.00558
0.00809
0.00406
0.00772
-0.00217
-0.00459
-0.0007
-0.0051
0.00271
0.00278
-0.00054
0.00432
-0.00414
-0.00464
0.00447
0.00458
0.01333
0.00762
-0.00406
-0.00193
-0.00864
-0.00016
0.01063
0.00798
0.00896
-0.00374
-0.0098
-0.00117
0.00164
0.01205
0.01282
-0.00041
-0.00345
-0.00935
-0.00798
0.00439
0.0054
0.00846
0.0053
-0.00391
-0.0004
-0.00253
-0.00531
0.00099
-0.00099
0.00225
0.00368
-0.00245
0.00327
-0.00076
-0.006
-0.00219
-0.00433
0.00403
0.00824
0.00051
0.00103
-0.00456
-0.00418
0.00279
0.00053
0.00363
-0.00042
-0.0076
-0.00198
-0.00117
-0.00011
0.00458
-0.00052
-0.00004271
-0.00144
-0.00535
0.00413
0.00454
0.00337
0.00441
-0.00558
-0.00574
-0.00454
-0.00336
0.00723
0.00417
0.00138
0.00259
-0.00507
-0.00221
-0.00037
0.00137
0.01027
0.00346
-0.00095
-0.003
-0.00838
0.00177
0.00579
0.00315
0.00445
-0.00328
-0.00267
0.00258
0.00113
0.00594
0.00171
-0.00464
-0.00349
-0.00684
-0.00266
0.00555
0.00416
0.00331
-0.0027
-0.00647
0.00139
0.00427
0.00607
0.00817
0.00178
0.00151
-0.00307
-0.00703
0.00119
0.00356
0.00689
0.00595
-0.00498
-0.00471
-0.00431
-0.00221
0.00671
0.00168
0.00038
-0.00025
-0.00267
0.00323
0.00208
-0.00221
-0.00827
-0.0285
-0.03518
-0.02351
0.00448
0.03924
0.04243
0.02058
-0.00841
-0.03489
-0.03148
-0.00697
0.01877
0.03694
0.02104
-0.00251
-0.01602
-0.02331
-0.00512
0.01538
0.02215
0.01341
-0.01378
-0.02847
-0.01843
0.00408
0.02574
0.02732
0.01053
-0.01446
-0.03264
-0.02592
0.00295
0.03004
0.0373
0.00839
-0.02544
-0.01954
0.01579
0.12593
0.22211
0.25931
0.21053
0.06271
-0.11777
-0.32264
-0.39992
-0.34968
-0.14779
0.1083
0.19859
0.0432
-0.35262
-0.40314
0.02295
0.41094
0.48872
0.45567
0.25063
-0.12779
-0.39943
-0.38345
-0.302
-0.46183
-0.53479
-0.38344
0.21611
1.2887
1.90877
1.41932
0.05616
-1.17594
-1.3922
-0.4531
0.80934
1.2488
0.59531
-0.8113
-1.83405
-1.62499
-0.3338
1.21774
1.55983
0.90937
-0.08793
-0.6446
-0.10949
1.0095
1.32463
0.51623
-1.25043
-2.77237
-2.99777
-1.54951
1.01669
2.61438
1.82369
-0.48561
-2.63645
-3.08614
-1.70931
0.89877
3.09353
3.32076
1.59065
-1.1098
-2.68525
-2.09566
0.21462
2.54333
2.74342
1.03394
-1.01802
-1.81859
-1.03799
0.82321
2.58791
2.84965
1.38389
-1.244
-3.21442
-3.1584
-1.26013
1.09705
2.70036
2.65247
1.22088
-0.49772
-1.43089
-1.24401
-0.25815
0.41095
0.08499
-0.61996
-1.05204
-0.67561
0.15978
0.86053
1.0282
0.56257
-0.37854
-1.33533
-1.639
-0.98176
0.04363
0.47323
0.24032
-0.22185
-0.46069
0.04738
0.87624
1.20393
0.64591
-0.38799
-1.20071
-1.27815
-0.32627
0.94628
1.34425
0.89903
0.25776
0.13181
0.54307
0.98646
0.84548
-0.1562
-1.20665
-1.78011
-1.00502
0.25485
0.69585
0.64035
0.13278
-0.57194
-1.24783
-1.14171
-0.52975
-0.1209
0.26851
0.61068
0.69342
0.60157
0.55486
0.67752
0.29275
-0.54943
-1.13502
-0.58382
0.8777
1.97441
1.87267
0.26206
-1.532
-1.79595
-0.14412
1.9085
2.29916
0.62044
-1.90109
-3.43835
-2.60354
-0.38595
1.50394
1.78458
0.13213
-1.81296
-2.33543
-0.84172
1.55716
2.79551
2.26097
0.03443
-2.31066
-2.82214
-1.69398
0.81481
2.79488
2.43661
0.6043
-1.23238
-1.35481
0.09744
1.52008
1.76943
0.58215
-1.1656
-2.18647
-1.68456
-0.06508
1.20715
1.18109
0.01196
-1.18809
-1.73309
-0.77957
1.10591
2.28339
1.76692
-0.09964
-2.0415
-2.79824
-1.7416
0.82404
3.31132
3.64685
1.8612
-0.96322
-2.62142
-2.18768
-0.40285
1.52342
1.94325
0.67448
-1.23415
-2.38301
-1.86021
-0.2544
1.62482
2.71297
2.30692
0.97424
-0.64452
-1.52472
-0.85712
0.7663
1.63259
0.75408
-1.43239
-2.72943
-2.16411
-0.13404
1.58512
1.75199
0.63367
-1.24049
-2.51687
-2.22182
-0.66314
1.00952
1.70335
1.27677
-0.0809
-1.38634
-1.46446
-0.12561
1.49212
1.73501
0.38168
-1.19893
-1.49767
-0.21882
1.59119
2.03317
0.75781
-1.26779
-2.64101
-1.99301
0.04664
2.00344
2.46999
1.0293
-0.40461
-0.83803
0.00954
1.43491
1.83527
0.8691
-0.98001
-1.9224
-1.17571
0.22249
1.43994
1.08613
-0.37438
-1.98503
-2.23107
-0.64449
1.19732
2.47357
2.54478
0.99148
-1.10699
-2.82348
-2.69537
-0.60484
1.63231
2.46003
0.8728
-1.94242
-3.77584
-3.60522
-1.07615
1.86939
3.27903
2.79368
1.1162
-0.43192
-0.83727
-0.08942
0.83314
0.76147
-0.39406
-1.65615
-1.97603
-0.74696
1.40262
2.86755
2.6328
0.52582
-2.05059
-2.98717
-1.48879
1.08537
2.56714
2.08825
0.31065
-1.6325
-2.84971
-2.53501
