0.00002917
-0.00266
-0.00732
-0.00546
-0.00053
0.00528
0.00715
0.00097
-0.00253
-0.00683
-0.00727
0.00193
0.00493
0.00516
0.00015
-0.00929
-0.00839
-0.00597
-0.00018
0.00521
-0.00069
-0.00394
-0.00376
-0.00376
0.00216
0.00194
0.00066
0.00042
-0.0034
-0.00253
-0.00363
-0.00464
-0.00068
-0.00036
-0.00056
0.00245
0.0024
0.0043
0.00179
-0.00541
-0.00473
-0.00484
-0.00206
0.00006299
-0.00277
0.00085
0.00258
0.00232
0.00447
0.00458
0.00404
0.00383
-0.00134
-0.00257
-0.00187
-0.00192
0.00149
-0.00073
-0.00137
-0.00126
-0.00556
-0.00234
0.00122
0.00361
0.00624
0.00095
-0.00295
-0.00324
-0.00589
-0.00063
0.00391
0.00213
0.00283
-0.00439
-0.00682
-0.00532
-0.00534
0.00258
0.003
0.00238
0.00167
-0.00454
-0.00559
-0.00218
-0.00087
0.00248
0.00246
-0.0006
-0.00033
-0.00528
-0.00318
0.00239
0.00385
0.00851
0.00531
-0.00085
-0.00189
-0.00335
0.0017
0.00595
0.00527
0.00379
-0.00212
-0.00285
0.00182
0.00285
0.00481
0.00254
-0.00353
-0.00537
-0.00574
-0.00001428
0.00762
0.00644
0.00195
-0.00525
-0.01201
-0.00799
-0.00014
0.0088
0.01322
0.00326
-0.00454
-0.00985
-0.01017
-0.00049
0.00739
0.01079
0.00653
-0.00627
-0.00999
-0.00621
0.00278
0.01413
0.011
0.0017
-0.00443
-0.00814
-0.00302
0.00412
0.00564
0.00845
0.00241
-0.00353
-0.00292
-0.00332
0.00468
0.00767
0.00588
0.00562
-0.00096
-0.00384
-0.00281
-0.00308
0.0015
0.00238
0.00129
0.002
-0.00302
-0.00376
0.0025
0.00706
0.01209
0.00782
-0.00225
-0.00383
-0.00703
-0.00008248
0.00924
0.0097
0.00766
-0.00324
-0.00863
-0.00332
0.00319
0.01182
0.01226
0.00127
-0.00514
-0.0095
-0.00669
0.00316
0.00641
0.00837
0.00399
-0.00201
-0.00178
-0.00272
-0.00393
-0.00121
0.00029
0.00237
0.00281
-0.00082
0.00146
-0.00078
-0.00439
-0.00383
-0.00285
0.00396
0.00739
0.00217
-0.00068
-0.00428
-0.00324
0.00162
0.00195
0.00297
-0.00126
-0.00639
-0.00344
-0.00073
0.00088
0.00349
0.00061
0.00009344
-0.00253
-0.00379
0.00266
0.00478
0.00459
0.00257
-0.00401
-0.00616
-0.00533
-0.00161
0.00547
0.00481
0.00192
0.00097
-0.00303
-0.00268
-0.00064
0.00272
0.00903
0.00441
-0.00107
-0.00467
-0.00662
0.00127
0.00552
0.00445
0.0025
-0.0023
-0.00278
0.00134
0.00245
0.00498
0.00233
-0.00386
-0.00461
-0.00686
-0.00202
0.00475
0.00552
0.00266
-0.00351
-0.00493
0.00033
0.00461
0.00612
0.0066
0.00348
0.00127
-0.00329
-0.00633
-0.00015
0.00484
0.00791
0.00481
-0.00402
-0.00559
-0.00442
-0.00067
0.0049
0.00222
0.00053
-0.00081
-0.00103
0.00182
0.00182
-0.00129
-0.00961
-0.02686
-0.03645
-0.0248
0.00577
0.03886
0.04303
0.02101
-0.01046
-0.03356
-0.03171
-0.0082
0.02024
0.03577
0.02275
-0.00186
-0.0179
-0.02228
-0.00554
0.01507
0.02348
0.01245
-0.01341
-0.02838
-0.01908
0.00533
0.02503
0.02737
0.01068
-0.01453
-0.0324
-0.02654
0.00238
0.0309
0.0384
0.00843
-0.02647
-0.02089
0.01637
0.12769
0.22058
0.26356
0.20527
0.07026
-0.12158
-0.32084
-0.40472
-0.35027
-0.14921
0.10561
0.21242
0.03845
-0.35819
-0.40489
0.01234
0.42879
0.49622
0.44298
0.24476
-0.10394
-0.40446
-0.3929
-0.31012
-0.43944
-0.50231
-0.42569
0.22855
1.28955
1.94607
1.45091
0.04908
-1.21588
-1.3762
-0.43733
0.83535
1.23264
0.5949
-0.83163
-1.80223
-1.67987
-0.34816
1.22082
1.59135
0.93246
-0.12269
-0.65875
-0.0869
0.98412
1.37158
0.47847
-1.25016
-2.80322
-3.01783
-1.53684
1.01037
2.65437
1.85873
-0.52452
-2.65498
-3.12287
-1.66242
0.88433
3.09598
3.36887
1.63291
-1.10199
-2.74508
-2.12945
0.25193
2.55311
2.7745
1.01624
-1.02141
-1.81707
-1.02354
0.8291
2.54857
2.88901
1.43192
-1.22886
-3.27943
-3.22649
-1.25035
1.17502
2.70761
2.64055
1.21861
-0.47179
-1.42785
-1.2756
-0.26673
0.40303
0.12169
-0.65682
-1.06402
-0.70913
0.1932
0.88134
1.01213
0.57396
-0.38655
-1.3159
-1.67732
-0.97598
0.03186
0.55299
0.21274
-0.25245
-0.46567
0.05584
0.88038
1.16912
0.65997
-0.41062
-1.16632
-1.31317
-0.32258
0.93967
1.35051
0.91955
0.21319
0.13603
0.55651
1.01737
0.81835
-0.13411
-1.22901
-1.76767
-1.01156
0.21841
0.7309
0.63748
0.11744
-0.58399
-1.23936
-1.18142
-0.53765
-0.09829
0.29654
0.56627
0.71091
0.57631
0.5907
0.65867
0.32981
-0.5338
-1.15942
-0.60092
0.88389
2.02713
1.825
0.25025
-1.52449
-1.77325
-0.13228
1.90119
2.35493
0.63255
-1.92619
-3.44417
-2.61962
-0.40035
1.54171
1.79837
0.18961
-1.84559
-2.38673
-0.84255
1.54276
2.87356
2.25636
0.01293
-2.27645
-2.88318
-1.67661
0.81997
2.78148
2.48234
0.60456
-1.26123
-1.39568
0.10264
1.5715
1.7805
0.54688
-1.15423
-2.20699
-1.65755
-0.08906
1.2251
1.2227
0.04138
-1.23469
-1.75626
-0.76392
1.07633
2.35365
1.74964
-0.10697
-2.04832
-2.82509
-1.75159
0.81348
3.30631
3.72199
1.87691
-0.98792
-2.6687
-2.19787
-0.39952
1.52027
1.92984
0.73549
-1.25997
-2.38327
-1.88704
-0.26446
1.68188
2.65147
2.36336
0.95266
-0.66958
-1.53399
-0.88003
0.78112
1.68281
0.77813
-1.44845
-2.78708
-2.16029
-0.10415
1.59544
1.74512
0.63481
-1.19581
-2.47573
-2.30238
-0.68304
1.03671
1.76501
1.2942
-0.15034
-1.38093
-1.49502
-0.10918
1.50831
1.73607
0.40226
-1.23202
-1.49567
-0.2065
1.59022
2.03818
0.76608
-1.2493
-2.66065
-2.00807
0.01506
2.04773
2.47037
1.09006
-0.44216
-0.87549
0.04008
1.46184
1.88345
0.8485
-1.0115
-1.89807
-1.2273
0.27
1.4057
1.12821
-0.34955
-2.01124
-2.25122
-0.68621
1.22169
2.53478
2.51805
1.03783
-1.12839
-2.83481
-2.71991
-0.64166
1.69158
2.51341
0.83045
-1.93724
-3.82521
-3.57813
-1.07501
1.84116
3.33063
2.81604
1.12379
-0.4576
-0.87541
-0.09494
0.84087
0.82121
-0.41578
-1.68824
-2.01183
-0.75395
1.40871
2.89576
2.64641
0.52707
-2.04302
-3.03235
-1.50012
1.13373
2.58481
2.09155
0.28988
-1.62839
-2.83444
-2.57222
