0.00002487
-0.00229
-0.00408
-0.00621
-0.00874
-0.00878
-0.00597
-0.00059
0.00179
0.00107
-0.00372
-0.00724
-0.00925
-0.00967
-0.00424
-0.00181
-0.00153
-0.00367
-0.00753
-0.0077
-0.00748
-0.00311
0.00303
0.00357
-0.00043
-0.00855
-0.01283
-0.0106
-0.00392
0.00511
0.00786
0.00395
-0.00464
-0.0142
-0.01627
-0.00721
0.00735
0.01472
0.01182
-0.00008738
-0.01058
-0.01442
-0.00943
0.00311
0.00787
0.00156
-0.00855
-0.01458
-0.01036
-0.00161
0.00779
0.0097
0.00052
-0.01056
-0.01562
-0.01194
-0.00247
0.00563
0.00837
0.00189
-0.00846
-0.01612
-0.0143
-0.00774
0.00146
0.00542
0.00344
-0.0009
-0.00758
-0.00996
-0.00862
-0.0028
0.00371
0.00555
0.00084
-0.00605
-0.00957
-0.00946
-0.0067
-0.00431
-0.00026
-0.00015
-0.00173
-0.00492
-0.00823
-0.00757
-0.00414
0.00124
0.00253
0.00001524
-0.00532
-0.00826
-0.00695
-0.003
0.00319
0.00569
0.00397
-0.00357
-0.0105
-0.01198
-0.00941
-0.00478
-0.00098
0.00138
-0.00043
-0.00575
-0.00852
-0.00794
-0.00381
0.00194
0.00522
0.00314
-0.00403
-0.01077
-0.01132
-0.00567
0.00109
0.00509
0.00167
-0.00442
-0.00693
-0.00787
-0.00636
-0.00325
-0.00003655
0.00115
0.00085
-0.0012
-0.00263
-0.00593
-0.00658
-0.00455
-0.00334
0.0012
0.0041
0.00364
-0.00031
-0.0063
-0.00725
-0.00705
-0.00553
-0.00083
0.00163
0.00194
-0.00184
-0.00772
-0.01189
-0.01095
-0.00542
0.00243
0.00452
0.00176
-0.0019
-0.0072
-0.00938
-0.01056
-0.00713
-0.00014
0.00316
0.00305
-0.00281
-0.00718
-0.00841
-0.00515
0.000005062
0.00262
0.00107
-0.005
-0.00825
-0.00864
-0.00374
0.00146
0.0044
0.00595
0.00081
-0.0074
-0.01281
-0.01036
-0.00001438
0.00843
0.00723
-0.00326
-0.01583
-0.01913
-0.01037
0.0021
0.00987
0.00811
-0.00247
-0.01281
-0.01829
-0.01202
0.0019
0.01036
0.01019
0.0018
-0.00845
-0.01275
-0.01189
-0.00432
0.0021
0.00158
-0.0009
-0.00607
-0.00998
-0.00989
-0.00773
-0.00368
-0.00022
0.00138
0.00138
-0.00177
-0.00456
-0.00417
-0.00474
-0.004
-0.00187
-0.00104
0.00114
0.00022
-0.00194
-0.00454
-0.00712
-0.00499
-0.00192
-0.00158
-0.00178
-0.00479
-0.00669
-0.0037
-0.00238
-0.00198
-0.00409
-0.00813
-0.00625
-0.00525
-0.00149
0.00068
-0.00171
-0.00216
-0.00308
-0.00053
0.0018
-0.00132
-0.00633
-0.00838
-0.00824
-0.00481
-0.00213
0.00026
0.0015
-0.00116
-0.00304
-0.00504
-0.00817
-0.00855
-0.00551
-0.00014
0.00475
0.00381
-0.00101
-0.00767
-0.01364
-0.01068
-0.00515
0.00469
0.00989
0.00318
-0.00764
-0.01595
-0.01277
-0.00202
0.00769
0.00856
0.00102
-0.00922
-0.01509
-0.01327
-0.0039
0.01723
0.03107
0.01836
-0.0172
-0.05102
-0.05049
-0.02031
0.01833
0.04376
0.04334
0.01395
-0.03396
-0.07148
-0.06195
-0.01076
0.0414
0.0576
0.02731
-0.02223
-0.05756
-0.05399
-0.01535
0.02842
0.04587
0.02591
-0.01547
-0.0471
-0.04456
-0.01341
0.02404
0.0364
0.00953
-0.04259
-0.0654
-0.02421
0.03693
0.06674
0.04432
-0.01313
-0.10297
-0.16528
-0.13071
0.02237
0.21076
0.25159
0.11862
-0.10092
-0.24508
-0.27642
-0.16786
0.06582
0.26948
0.30874
0.14032
-0.10923
-0.27308
-0.27101
-0.08879
0.13276
0.26611
0.20986
0.01655
-0.18442
-0.27186
-0.18516
0.00256
0.18132
0.2158
0.09612
-0.0712
-0.17809
-0.14194
-0.02472
0.04501
0.05918
0.02414
-0.00303
-0.0171
-1.639E-07
0.02392
0.01692
-0.02007
-0.06946
-0.07178
-0.0236
0.05209
0.10794
0.08226
-0.0082
0.03315
0.30503
0.65302
0.82594
0.7459
0.50119
0.25592
-0.1599
-0.80374
-1.39837
-1.6458
-1.48844
-0.58994
0.59737
0.97106
-0.33918
-1.31084
-0.37503
0.98826
1.50222
1.91393
2.1972
1.0021
-1.43057
-2.75789
-2.79363
-3.36604
-2.33585
-1.10823
1.44844
5.63272
8.32208
6.35271
0.203
-5.55451
-6.28404
-1.96886
4.08313
6.35717
3.44387
-3.22703
-8.32637
-8.41311
-3.05363
5.01759
7.57225
5.04223
0.29481
-2.95983
-1.27571
2.94081
6.2198
3.74917
-3.09847
-10.55427
-14.07632
-9.08029
1.3263
10.60295
10.04609
0.15982
-10.1512
-14.19928
-8.84223
1.68226
11.43722
14.25535
8.30647
-2.56404
-10.90705
-10.38411
-1.27086
9.48566
13.07426
7.15519
-1.65882
-6.59368
-5.72365
0.15725
7.17986
11.03475
8.40415
0.25269
-8.28568
-12.10821
-8.89496
-1.0858
6.6573
10.58425
8.58427
2.80364
-2.93043
-5.37049
-3.58071
-0.37283
0.23816
-2.1294
-3.80705
-3.18858
-0.12654
2.88353
4.03008
3.14989
-0.27811
-4.45142
-7.85694
-6.04599
-1.47013
2.36321
2.3679
-0.39517
-2.50238
-1.80488
2.40753
5.63457
5.25918
0.85325
-4.19999
-6.81939
-4.2966
2.00045
6.04955
5.58105
2.43419
0.84823
1.34885
3.21736
3.57614
1.34519
-2.77432
-6.84215
-5.98508
-1.62017
1.73552
2.77929
2.27811
0.11997
-3.95518
-6.2287
-4.6752
-2.04637
0.94122
2.99062
4.19858
3.02364
2.06042
2.13707
1.47643
-1.49715
-4.99671
-3.46689
3.02174
9.28211
9.27579
2.47256
-6.31517
-9.65108
-3.46343
7.13997
12.83535
7.72474
-5.15304
-16.16392
-16.38343
-6.95641
4.53956
10.22626
6.1562
-3.67025
-11.15451
-8.37381
1.47702
10.88291
13.02181
4.97365
-6.45634
-13.2666
-10.7547
-0.16056
10.90859
13.44128
5.95139
-4.10153
-7.89606
-2.52299
5.43344
9.17761
5.67298
-1.98349
-9.35816
-10.42464
-4.70284
2.87444
6.33746
3.84809
-1.62763
-6.68556
-5.97898
0.04528
7.18433
8.82381
3.36619
-4.52667
-10.29883
-9.64317
-1.53648
9.74519
15.89467
12.02765
0.64474
-9.41515
-11.03753
-4.72501
4.52098
8.91242
5.90512
-2.83911
-10.25932
-10.95777
-5.38463
4.39095
12.04107
14.00504
8.71939
-0.39086
-7.56954
-7.63998
-0.53603
7.06997
7.85221
-0.51658
-10.32742
-12.86293
-6.04753
3.53846
8.12031
6.38319
-1.51194
-9.99302
-12.79504
-6.85289
3.07185
9.11476
8.78288
1.70659
-6.49155
-9.91431
-4.86831
5.71132
11.25347
7.5279
-2.27046
-8.84272
-6.60857
1.94382
8.48306
7.2443
0.00164
-8.20851
-9.8708
-4.32985
4.54295
9.34422
6.60684
0.70098
-2.43433
-0.43371
4.48043
7.50845
5.46805
-1.1999
-6.69919
-6.66648
