-0.00002478
-0.00225
-0.00407
-0.00606
-0.00887
-0.00918
-0.00556
-0.00101
0.00184
0.00096
-0.00406
-0.007
-0.00926
-0.00955
-0.00364
-0.00197
-0.00172
-0.00301
-0.00814
-0.0071
-0.00803
-0.00339
0.00411
0.00273
-0.00026
-0.00832
-0.01323
-0.00953
-0.00443
0.00515
0.00824
0.00373
-0.00419
-0.0142
-0.01676
-0.00696
0.00712
0.0149
0.01205
-0.000006169
-0.01088
-0.01378
-0.01013
0.0038
0.00761
0.00121
-0.008
-0.01499
-0.01007
-0.00195
0.00733
0.0104
0.00001237
-0.01034
-0.01513
-0.01232
-0.00247
0.00545
0.00799
0.00242
-0.00911
-0.01589
-0.01402
-0.00778
0.00118
0.00569
0.00273
-0.0004
-0.00749
-0.00976
-0.00811
-0.00367
0.00375
0.00528
0.00059
-0.00552
-0.01017
-0.00888
-0.00721
-0.00382
-0.00008927
-0.00019
-0.00169
-0.00477
-0.00828
-0.00779
-0.00442
0.00125
0.00276
0.0006
-0.00546
-0.00818
-0.00681
-0.00306
0.00353
0.00521
0.00365
-0.00358
-0.0105
-0.01126
-0.00945
-0.00474
-0.00073
0.00111
-0.00005405
-0.00605
-0.00827
-0.0078
-0.00407
0.00205
0.00533
0.00249
-0.0039
-0.01099
-0.01097
-0.00549
0.00082
0.00519
0.00174
-0.00492
-0.0069
-0.00783
-0.00636
-0.0028
-0.00058
0.00124
0.00082
-0.00156
-0.00171
-0.00682
-0.00616
-0.00431
-0.00363
0.00191
0.00369
0.00353
-0.00005728
-0.00654
-0.00695
-0.0069
-0.00621
-0.00045
0.00164
0.00155
-0.00123
-0.00839
-0.01164
-0.01088
-0.00566
0.00277
0.00387
0.00119
-0.00175
-0.00744
-0.00889
-0.01044
-0.00734
0.00008821
0.00259
0.00255
-0.002
-0.00773
-0.00796
-0.00529
-0.00037
0.00284
0.00062
-0.00506
-0.00776
-0.00877
-0.00323
0.00156
0.00439
0.00616
0.00063
-0.0075
-0.01237
-0.01014
-0.00018
0.0087
0.0066
-0.00265
-0.01576
-0.01944
-0.00978
0.0015
0.01002
0.00795
-0.00308
-0.01216
-0.0181
-0.01192
0.00211
0.00925
0.0105
0.00223
-0.00894
-0.0123
-0.01255
-0.00424
0.00298
0.00034
-0.00059
-0.00577
-0.01044
-0.00883
-0.00831
-0.00365
0.00023
0.00059
0.00207
-0.00202
-0.00471
-0.00388
-0.00526
-0.00374
-0.00114
-0.00152
0.00139
0.000002329
-0.00228
-0.00344
-0.0078
-0.00536
-0.00162
-0.00227
-0.001
-0.00461
-0.00717
-0.00306
-0.00333
-0.00198
-0.00352
-0.00876
-0.00529
-0.00569
-0.00185
0.00166
-0.00269
-0.00178
-0.00279
-0.00098
0.00255
-0.00193
-0.00655
-0.00748
-0.00845
-0.00455
-0.00177
-0.00063
0.00238
-0.00199
-0.00304
-0.00463
-0.00868
-0.00776
-0.00565
-0.0004
0.00526
0.00295
-0.00064
-0.00752
-0.01429
-0.01012
-0.00503
0.00405
0.01049
0.00227
-0.00756
-0.01522
-0.01345
-0.00161
0.00734
0.00799
0.00188
-0.01006
-0.01464
-0.01333
-0.00416
0.01792
0.03037
0.01756
-0.01698
-0.05036
-0.05032
-0.02001
0.01686
0.0447
0.04354
0.01342
-0.03388
-0.07148
-0.0607
-0.01023
0.03918
0.05722
0.0277
-0.0213
-0.05658
-0.05469
-0.01505
0.0289
0.04512
0.02571
-0.0162
-0.04652
-0.04313
-0.01368
0.02418
0.03534
0.00915
-0.04108
-0.06553
-0.02235
0.03543
0.06534
0.04539
-0.01259
-0.10436
-0.16465
-0.12899
0.02562
0.20868
0.2449
0.11719
-0.09638
-0.24308
-0.27557
-0.17058
0.06923
0.27197
0.29997
0.13928
-0.10584
-0.26913
-0.26712
-0.09747
0.13672
0.26321
0.21143
0.01428
-0.18577
-0.26662
-0.18277
0.00314
0.17763
0.21236
0.09594
-0.06847
-0.178
-0.14135
-0.02587
0.04811
0.05398
0.02803
-0.0068
-0.01594
-0.00019
0.02317
0.02079
-0.02487
-0.06634
-0.07211
-0.02132
0.05159
0.10429
0.08175
-0.00075
0.03717
0.30917
0.65192
0.81432
0.75381
0.50206
0.24802
-0.1651
-0.80775
-1.38092
-1.65575
-1.46799
-0.61567
0.5764
1.00253
-0.39844
-1.24854
-0.32497
0.92145
1.43387
1.99442
2.1663
1.03232
-1.57522
-2.643
-2.68924
-3.42312
-2.36685
-0.94893
1.45214
5.61722
8.22003
6.23534
0.26211
-5.4203
-6.22657
-2.03905
4.02611
6.32612
3.54979
-3.38369
-8.25149
-8.37995
-2.74307
4.90775
7.35887
5.01026
0.36334
-2.78251
-1.39114
2.93222
6.07859
3.75765
-3.2682
-10.46043
-14.00329
-9.16889
1.54038
10.29655
10.00632
0.20437
-10.09976
-13.83318
-8.99649
1.83443
11.41361
14.18475
8.18574
-2.73378
-10.5026
-10.2976
-1.29867
9.3543
12.81647
7.27594
-1.5769
-6.54519
-5.84941
0.23432
7.31156
11.06739
8.14852
0.05388
-8.02407
-11.83802
-8.96952
-1.28575
6.74157
10.5581
8.72242
2.53637
-2.94678
-5.24418
-3.52913
-0.37289
0.14576
-2.05528
-3.77773
-2.95521
-0.25525
2.77711
4.13041
3.09018
-0.27083
-4.45341
-7.76791
-5.90639
-1.40565
2.10954
2.44228
-0.25541
-2.51775
-1.84253
2.28024
5.72992
5.2057
0.99462
-4.2512
-6.71888
-4.21364
1.95586
6.05695
5.46853
2.54044
1.06632
1.31882
3.12597
3.5416
1.26419
-2.68855
-6.95368
-5.8532
-1.59544
1.58856
2.71147
2.26006
0.30343
-4.10208
-6.1249
-4.54308
-2.07118
0.77514
3.00328
4.21295
3.05651
1.94743
2.24345
1.44952
-1.50701
-4.93974
-3.40313
3.01771
9.05388
9.26587
2.48446
-6.2065
-9.61908
-3.37741
7.26186
12.5999
7.57502
-5.10325
-16.11514
-16.19426
-7.01279
4.62776
9.99048
6.01383
-3.63984
-11.01904
-8.21958
1.45832
10.52932
13.08397
4.93307
-6.50405
-12.99491
-10.84141
0.00826
10.77946
13.26811
5.92726
-4.11915
-7.50668
-2.6455
5.31071
9.059
5.73692
-1.9574
-9.25826
-10.45264
-4.56605
2.9313
6.05026
3.64562
-1.43381
-6.71411
-5.87916
0.11548
7.02652
8.81278
3.3633
-4.60157
-10.01015
-9.72262
-1.42063
9.81248
15.62744
11.8729
0.59437
-9.15863
-10.97969
-4.73834
4.54659
8.92696
5.83989
-2.77504
-10.34552
-10.84681
-5.3185
4.22441
12.11994
13.59146
8.68987
-0.33551
-7.37906
-7.49306
-0.62405
7.02376
7.78893
-0.52076
-10.20448
-12.95253
-5.94566
3.3449
8.20883
6.47713
-1.50235
-10.10175
-12.64239
-6.61798
3.01477
8.83928
8.57406
1.88105
-6.40326
-9.88789
-4.83792
5.6669
11.23217
7.43178
-2.09755
-8.71476
-6.61404
1.99121
8.33693
7.32064
-0.06337
-8.11793
-9.75284
-4.2985
4.6276
9.29386
6.32683
0.82752
-2.35579
-0.4069
4.42407
7.12411
5.608
-1.25521
-6.69332
-6.57955
